network unknown {
}
variable column1 {
  type discrete[216] { 0, 1, 2, 3, 4, 5, 6, 7, 8, 9, 10, 11, 12, 13, 14, 15, 16, 17, 18, 19, 20, 21, 22, 23, 24, 25, 26, 27, 28, 29, 30, 31, 32, 33, 34, 35, 36, 37, 38, 39, 40, 41, 42, 43, 44, 45, 46, 47, 48, 49, 50, 51, 52, 53, 54, 55, 56, 57, 58, 59, 60, 61, 62, 63, 64, 65, 66, 67, 68, 69, 70, 71, 72, 73, 74, 75, 76, 77, 78, 79, 80, 81, 82, 83, 84, 85, 86, 87, 88, 89, 90, 91, 92, 93, 94, 95, 96, 97, 98, 99, 100, 101, 102, 103, 104, 105, 106, 107, 108, 109, 110, 111, 112, 113, 114, 115, 116, 117, 118, 119, 120, 121, 122, 123, 124, 125, 126, 127, 128, 129, 130, 131, 132, 133, 134, 135, 136, 137, 138, 139, 140, 141, 142, 143, 144, 145, 146, 147, 148, 149, 150, 151, 152, 153, 154, 155, 156, 157, 158, 159, 160, 161, 162, 163, 164, 165, 166, 167, 168, 169, 170, 171, 172, 173, 174, 175, 176, 177, 178, 179, 180, 181, 182, 183, 184, 185, 186, 187, 188, 189, 190, 191, 192, 193, 194, 195, 196, 197, 198, 199, 200, 201, 202, 203, 204, 205, 206, 207, 208, 209, 210, 211, 212, 213, 214, 215 };
}
variable column2 {
  type discrete[5] { 0, 1, 2, 3, 4 };
}
variable column3 {
  type discrete[216] { 0, 1, 2, 3, 4, 5, 6, 7, 8, 9, 10, 11, 12, 13, 14, 15, 16, 17, 18, 19, 20, 21, 22, 23, 24, 25, 26, 27, 28, 29, 30, 31, 32, 33, 34, 35, 36, 37, 38, 39, 40, 41, 42, 43, 44, 45, 46, 47, 48, 49, 50, 51, 52, 53, 54, 55, 56, 57, 58, 59, 60, 61, 62, 63, 64, 65, 66, 67, 68, 69, 70, 71, 72, 73, 74, 75, 76, 77, 78, 79, 80, 81, 82, 83, 84, 85, 86, 87, 88, 89, 90, 91, 92, 93, 94, 95, 96, 97, 98, 99, 100, 101, 102, 103, 104, 105, 106, 107, 108, 109, 110, 111, 112, 113, 114, 115, 116, 117, 118, 119, 120, 121, 122, 123, 124, 125, 126, 127, 128, 129, 130, 131, 132, 133, 134, 135, 136, 137, 138, 139, 140, 141, 142, 143, 144, 145, 146, 147, 148, 149, 150, 151, 152, 153, 154, 155, 156, 157, 158, 159, 160, 161, 162, 163, 164, 165, 166, 167, 168, 169, 170, 171, 172, 173, 174, 175, 176, 177, 178, 179, 180, 181, 182, 183, 184, 185, 186, 187, 188, 189, 190, 191, 192, 193, 194, 195, 196, 197, 198, 199, 200, 201, 202, 203, 204, 205, 206, 207, 208, 209, 210, 211, 212, 213, 214, 215 };
}
variable column4 {
  type discrete[5] { 0, 1, 2, 3, 4 };
}
variable column5 {
  type discrete[4] { 0, 1, 2, 3 };
}
variable column6 {
  type discrete[4] { 0, 1, 2, 3 };
}
variable column7 {
  type discrete[4] { 0, 1, 2, 3 };
}
variable column8 {
  type discrete[10] { 0, 1, 2, 3, 4, 5, 6, 7, 8, 9 };
}
variable column9 {
  type discrete[10] { 0, 1, 2, 3, 4, 5, 6, 7, 8, 9 };
}
variable column10 {
  type discrete[10] { 0, 1, 2, 3, 4, 5, 6, 7, 8, 9 };
}
variable column11 {
  type discrete[6] { 0, 1, 2, 3, 4, 5 };
}
variable column12 {
  type discrete[6] { 0, 1, 2, 3, 4, 5 };
}
variable column13 {
  type discrete[6] { 0, 1, 2, 3, 4, 5 };
}
variable column14 {
  type discrete[5] { 0, 1, 2, 3, 4 };
}
variable column15 {
  type discrete[5] { 0, 1, 2, 3, 4 };
}
variable column16 {
  type discrete[5] { 0, 1, 2, 3, 4 };
}
variable column17 {
  type discrete[5] { 0, 1, 2, 3, 4 };
}
variable column18 {
  type discrete[5] { 0, 1, 2, 3, 4 };
}
variable column19 {
  type discrete[5] { 0, 1, 2, 3, 4 };
}
variable column20 {
  type discrete[5] { 0, 1, 2, 3, 4 };
}
variable column21 {
  type discrete[5] { 0, 1, 2, 3, 4 };
}
variable column22 {
  type discrete[5] { 0, 1, 2, 3, 4 };
}
variable column23 {
  type discrete[5] { 0, 1, 2, 3, 4 };
}
variable column24 {
  type discrete[5] { 0, 1, 2, 3, 4 };
}
variable column25 {
  type discrete[5] { 0, 1, 2, 3, 4 };
}
variable column26 {
  type discrete[5] { 0, 1, 2, 3, 4 };
}
variable column27 {
  type discrete[5] { 0, 1, 2, 3, 4 };
}
variable column28 {
  type discrete[5] { 0, 1, 2, 3, 4 };
}
variable column29 {
  type discrete[5] { 0, 1, 2, 3, 4 };
}
variable column30 {
  type discrete[5] { 0, 1, 2, 3, 4 };
}

probability (column1) {
  table 0.0032, 0.0026, 0.0048, 0.0042, 0.0035, 0.0033, 0.0090, 0.0049, 0.0053, 0.0067, 0.0043, 0.0071, 0.0092, 0.0030, 0.0028, 0.0032, 0.0058, 0.0082, 0.0049, 0.0082, 0.0040, 0.0080, 0.0023, 0.0041, 0.0058, 0.0048, 0.0022, 0.0044, 0.0077, 0.0056, 0.0017, 0.0021, 0.0032, 0.0046, 0.0066, 0.0040, 0.0036, 0.0018, 0.0035, 0.0052, 0.0051, 0.0062, 0.0063, 0.0013, 0.0058, 0.0061, 0.0042, 0.0114, 0.0050, 0.0095, 0.0018, 0.0011, 0.0032, 0.0027, 0.0019, 0.0073, 0.0061, 0.0032, 0.0025, 0.0018, 0.0051, 0.0028, 0.0091, 0.0098, 0.0085, 0.0040, 0.0043, 0.0077, 0.0068, 0.0034, 0.0032, 0.0035, 0.0030, 0.0046, 0.0040, 0.0031, 0.0046, 0.0035, 0.0063, 0.0061, 0.0073, 0.0046, 0.0044, 0.0018, 0.0085, 0.0035, 0.0045, 0.0032, 0.0071, 0.0034, 0.0066, 0.0109, 0.0044, 0.0030, 0.0065, 0.0038, 0.0042, 0.0040, 0.0051, 0.0028, 0.0021, 0.0052, 0.0038, 0.0043, 0.0048, 0.0042, 0.0022, 0.0028, 0.0020, 0.0021, 0.0027, 0.0035, 0.0057, 0.0057, 0.0053, 0.0043, 0.0056, 0.0069, 0.0029, 0.0012, 0.0036, 0.0049, 0.0023, 0.0049, 0.0014, 0.0076, 0.0083, 0.0057, 0.0068, 0.0032, 0.0065, 0.0018, 0.0018, 0.0049, 0.0061, 0.0034, 0.0057, 0.0021, 0.0085, 0.0055, 0.0020, 0.0024, 0.0058, 0.0063, 0.0030, 0.0062, 0.0034, 0.0029, 0.0037, 0.0008, 0.0022, 0.0074, 0.0025, 0.0025, 0.0056, 0.0033, 0.0058, 0.0023, 0.0063, 0.0055, 0.0023, 0.0054, 0.0031, 0.0076, 0.0069, 0.0031, 0.0060, 0.0046, 0.0041, 0.0043, 0.0056, 0.0032, 0.0025, 0.0043, 0.0096, 0.0041, 0.0027, 0.0062, 0.0062, 0.0048, 0.0060, 0.0024, 0.0041, 0.0032, 0.0042, 0.0067, 0.0066, 0.0031, 0.0055, 0.0064, 0.0057, 0.0032, 0.0035, 0.0028, 0.0046, 0.0083, 0.0042, 0.0036, 0.0037, 0.0056, 0.0066, 0.0037, 0.0012, 0.0043, 0.0043, 0.0064, 0.0029, 0.0023, 0.0020, 0.0024, 0.0100, 0.0048, 0.0033, 0.0080, 0.0064, 0.0043;
}

probability (column2 | column1) {
  (0) 0.0231, 0.0135, 0.0066, 0.9400, 0.0168;
  (1) 0.9400, 0.0056, 0.0536, 0.0002, 0.0006;
  (2) 0.0369, 0.0011, 0.0033, 0.0187, 0.9400;
  (3) 0.0366, 0.0056, 0.9400, 0.0089, 0.0089;
  (4) 0.0512, 0.9400, 0.0082, 0.0004, 0.0002;
  (5) 0.0292, 0.0034, 0.0272, 0.0002, 0.9400;
  (6) 0.9400, 0.0452, 0.0006, 0.0027, 0.0115;
  (7) 0.0223, 0.9400, 0.0061, 0.0190, 0.0126;
  (8) 0.0440, 0.0094, 0.0057, 0.9400, 0.0009;
  (9) 0.0140, 0.0196, 0.9400, 0.0026, 0.0238;
  (10) 0.0006, 0.0251, 0.0202, 0.0141, 0.9400;
  (11) 0.0529, 0.9400, 0.0040, 0.0017, 0.0014;
  (12) 0.0597, 0.0000, 0.0002, 0.9400, 0.0001;
  (13) 0.9400, 0.0308, 0.0089, 0.0148, 0.0055;
  (14) 0.0008, 0.0024, 0.9400, 0.0518, 0.0050;
  (15) 0.0525, 0.9400, 0.0015, 0.0053, 0.0007;
  (16) 0.0014, 0.0481, 0.0042, 0.0063, 0.9400;
  (17) 0.0588, 0.0002, 0.9400, 0.0002, 0.0008;
  (18) 0.0419, 0.0033, 0.0049, 0.9400, 0.0099;
  (19) 0.9400, 0.0056, 0.0434, 0.0072, 0.0038;
  (20) 0.0100, 0.0199, 0.9400, 0.0157, 0.0144;
  (21) 0.0565, 0.0017, 0.0016, 0.0002, 0.9400;
  (22) 0.9400, 0.0510, 0.0003, 0.0055, 0.0032;
  (23) 0.0204, 0.9400, 0.0310, 0.0001, 0.0085;
  (24) 0.0105, 0.0333, 0.0011, 0.9400, 0.0151;
  (25) 0.0502, 0.0020, 0.9400, 0.0054, 0.0024;
  (26) 0.0539, 0.0052, 0.0006, 0.0003, 0.9400;
  (27) 0.9400, 0.0046, 0.0335, 0.0186, 0.0033;
  (28) 0.0223, 0.9400, 0.0332, 0.0025, 0.0020;
  (29) 0.0445, 0.0062, 0.0053, 0.9400, 0.0040;
  (30) 0.0265, 0.0159, 0.0002, 0.0174, 0.9400;
  (31) 0.0510, 0.0021, 0.0014, 0.9400, 0.0055;
  (32) 0.9400, 0.0032, 0.0213, 0.0325, 0.0030;
  (33) 0.0035, 0.9400, 0.0489, 0.0004, 0.0072;
  (34) 0.0478, 0.0006, 0.9400, 0.0108, 0.0008;
  (35) 0.0188, 0.0034, 0.0003, 0.0375, 0.9400;
  (36) 0.9400, 0.0403, 0.0173, 0.0018, 0.0006;
  (37) 0.0500, 0.0073, 0.9400, 0.0025, 0.0002;
  (38) 0.0065, 0.9400, 0.0143, 0.0346, 0.0046;
  (39) 0.0306, 0.0153, 0.0080, 0.9400, 0.0061;
  (40) 0.0432, 0.0120, 0.9400, 0.0024, 0.0024;
  (41) 0.9400, 0.0160, 0.0422, 0.0017, 0.0001;
  (42) 0.0380, 0.0219, 0.0000, 0.0001, 0.9400;
  (43) 0.0031, 0.9400, 0.0353, 0.0126, 0.0090;
  (44) 0.0485, 0.0111, 0.0000, 0.9400, 0.0004;
  (45) 0.0226, 0.0037, 0.9400, 0.0163, 0.0174;
  (46) 0.0302, 0.9400, 0.0011, 0.0246, 0.0041;
  (47) 0.9400, 0.0493, 0.0046, 0.0001, 0.0060;
  (48) 0.0593, 0.0005, 0.0001, 0.9400, 0.0001;
  (49) 0.0292, 0.0131, 0.0103, 0.0074, 0.9400;
  (50) 0.0375, 0.0045, 0.0046, 0.9400, 0.0134;
  (51) 0.0220, 0.0329, 0.0019, 0.0032, 0.9400;
  (52) 0.0027, 0.9400, 0.0166, 0.0327, 0.0080;
  (53) 0.0313, 0.0162, 0.9400, 0.0009, 0.0116;
  (54) 0.9400, 0.0073, 0.0076, 0.0250, 0.0201;
  (55) 0.9400, 0.0285, 0.0071, 0.0235, 0.0009;
  (56) 0.0053, 0.9400, 0.0329, 0.0022, 0.0196;
  (57) 0.0551, 0.0030, 0.0008, 0.9400, 0.0011;
  (58) 0.0306, 0.0006, 0.0126, 0.0162, 0.9400;
  (59) 0.0084, 0.0011, 0.9400, 0.0377, 0.0128;
  (60) 0.0364, 0.0156, 0.0008, 0.0072, 0.9400;
  (61) 0.0498, 0.9400, 0.0059, 0.0001, 0.0042;
  (62) 0.9400, 0.0201, 0.0279, 0.0031, 0.0089;
  (63) 0.0203, 0.0103, 0.0196, 0.9400, 0.0098;
  (64) 0.0373, 0.0138, 0.9400, 0.0017, 0.0072;
  (65) 0.0134, 0.0088, 0.0294, 0.9400, 0.0084;
  (66) 0.9400, 0.0261, 0.0206, 0.0004, 0.0129;
  (67) 0.0113, 0.9400, 0.0034, 0.0077, 0.0376;
  (68) 0.0381, 0.0089, 0.0043, 0.0087, 0.9400;
  (69) 0.0149, 0.0206, 0.9400, 0.0139, 0.0106;
  (70) 0.0446, 0.0122, 0.0014, 0.9400, 0.0018;
  (71) 0.9400, 0.0038, 0.0456, 0.0061, 0.0045;
  (72) 0.0024, 0.9400, 0.0517, 0.0021, 0.0038;
  (73) 0.0041, 0.0455, 0.9400, 0.0001, 0.0103;
  (74) 0.0145, 0.0229, 0.0079, 0.0147, 0.9400;
  (75) 0.9400, 0.0342, 0.0168, 0.0053, 0.0037;
  (76) 0.0067, 0.9400, 0.0340, 0.0104, 0.0089;
  (77) 0.0321, 0.0208, 0.9400, 0.0040, 0.0031;
  (78) 0.0369, 0.0120, 0.0032, 0.0079, 0.9400;
  (79) 0.0304, 0.0125, 0.0059, 0.9400, 0.0112;
  (80) 0.0326, 0.0147, 0.0000, 0.9400, 0.0127;
  (81) 0.0403, 0.0049, 0.9400, 0.0071, 0.0077;
  (82) 0.9400, 0.0031, 0.0264, 0.0024, 0.0281;
  (83) 0.0211, 0.0272, 0.0051, 0.0066, 0.9400;
  (84) 0.0038, 0.9400, 0.0098, 0.0350, 0.0114;
  (85) 0.0490, 0.9400, 0.0083, 0.0013, 0.0014;
  (86) 0.0021, 0.0330, 0.9400, 0.0134, 0.0115;
  (87) 0.0422, 0.0087, 0.0057, 0.9400, 0.0034;
  (88) 0.9400, 0.0557, 0.0001, 0.0038, 0.0004;
  (89) 0.0192, 0.0300, 0.0070, 0.0038, 0.9400;
  (90) 0.0459, 0.9400, 0.0047, 0.0004, 0.0090;
  (91) 0.9400, 0.0131, 0.0169, 0.0013, 0.0287;
  (92) 0.0074, 0.0067, 0.0235, 0.0224, 0.9400;
  (93) 0.0348, 0.0125, 0.0106, 0.9400, 0.0021;
  (94) 0.0456, 0.0102, 0.9400, 0.0038, 0.0004;
  (95) 0.0491, 0.0063, 0.9400, 0.0042, 0.0004;
  (96) 0.9400, 0.0190, 0.0012, 0.0244, 0.0154;
  (97) 0.0298, 0.0177, 0.0120, 0.9400, 0.0005;
  (98) 0.0111, 0.9400, 0.0422, 0.0047, 0.0020;
  (99) 0.0461, 0.0037, 0.0012, 0.0090, 0.9400;
  (100) 0.0538, 0.0052, 0.9400, 0.0003, 0.0007;
  (101) 0.0362, 0.0011, 0.0123, 0.0104, 0.9400;
  (102) 0.0058, 0.0042, 0.0168, 0.9400, 0.0332;
  (103) 0.0223, 0.9400, 0.0250, 0.0127, 0.0000;
  (104) 0.9400, 0.0299, 0.0049, 0.0083, 0.0169;
  (105) 0.0060, 0.0370, 0.9400, 0.0163, 0.0007;
  (106) 0.0210, 0.0275, 0.0077, 0.9400, 0.0038;
  (107) 0.9400, 0.0119, 0.0132, 0.0021, 0.0328;
  (108) 0.0483, 0.0091, 0.0009, 0.0017, 0.9400;
  (109) 0.0508, 0.9400, 0.0074, 0.0011, 0.0007;
  (110) 0.9400, 0.0583, 0.0003, 0.0009, 0.0005;
  (111) 0.0339, 0.0039, 0.0168, 0.9400, 0.0054;
  (112) 0.0325, 0.0039, 0.9400, 0.0053, 0.0183;
  (113) 0.0509, 0.0012, 0.0058, 0.0021, 0.9400;
  (114) 0.0057, 0.9400, 0.0316, 0.0098, 0.0129;
  (115) 0.0578, 0.0003, 0.0001, 0.0018, 0.9400;
  (116) 0.0076, 0.0504, 0.0003, 0.9400, 0.0017;
  (117) 0.9400, 0.0543, 0.0054, 0.0002, 0.0001;
  (118) 0.0223, 0.9400, 0.0080, 0.0278, 0.0019;
  (119) 0.0477, 0.0108, 0.9400, 0.0012, 0.0003;
  (120) 0.0237, 0.0227, 0.0075, 0.9400, 0.0061;
  (121) 0.9400, 0.0326, 0.0235, 0.0035, 0.0004;
  (122) 0.0182, 0.0383, 0.9400, 0.0028, 0.0007;
  (123) 0.0457, 0.9400, 0.0083, 0.0058, 0.0002;
  (124) 0.0307, 0.0102, 0.0043, 0.0148, 0.9400;
  (125) 0.0016, 0.0291, 0.0031, 0.9400, 0.0262;
  (126) 0.0008, 0.0020, 0.0170, 0.0402, 0.9400;
  (127) 0.0041, 0.0391, 0.9400, 0.0098, 0.0070;
  (128) 0.9400, 0.0061, 0.0255, 0.0161, 0.0123;
  (129) 0.0070, 0.9400, 0.0328, 0.0028, 0.0174;
  (130) 0.0404, 0.0042, 0.9400, 0.0057, 0.0097;
  (131) 0.0277, 0.0037, 0.0140, 0.0146, 0.9400;
  (132) 0.0388, 0.0209, 0.0002, 0.9400, 0.0001;
  (133) 0.0108, 0.9400, 0.0245, 0.0245, 0.0002;
  (134) 0.9400, 0.0048, 0.0309, 0.0224, 0.0019;
  (135) 0.0143, 0.0336, 0.0102, 0.9400, 0.0019;
  (136) 0.0170, 0.0342, 0.9400, 0.0072, 0.0016;
  (137) 0.9400, 0.0580, 0.0003, 0.0013, 0.0004;
  (138) 0.0452, 0.0020, 0.0031, 0.0097, 0.9400;
  (139) 0.0430, 0.9400, 0.0145, 0.0006, 0.0019;
  (140) 0.9400, 0.0417, 0.0015, 0.0074, 0.0094;
  (141) 0.0298, 0.0172, 0.0063, 0.9400, 0.0067;
  (142) 0.0511, 0.0013, 0.0025, 0.0051, 0.9400;
  (143) 0.0458, 0.0015, 0.9400, 0.0051, 0.0076;
  (144) 0.0573, 0.9400, 0.0005, 0.0009, 0.0013;
  (145) 0.0563, 0.9400, 0.0003, 0.0015, 0.0019;
  (146) 0.9400, 0.0312, 0.0201, 0.0055, 0.0032;
  (147) 0.0549, 0.0030, 0.0015, 0.9400, 0.0006;
  (148) 0.0271, 0.0158, 0.0068, 0.0103, 0.9400;
  (149) 0.0010, 0.0017, 0.9400, 0.0469, 0.0104;
  (150) 0.0258, 0.0276, 0.0023, 0.0043, 0.9400;
  (151) 0.0017, 0.9400, 0.0034, 0.0350, 0.0199;
  (152) 0.0581, 0.0017, 0.9400, 0.0002, 0.0000;
  (153) 0.9400, 0.0406, 0.0180, 0.0011, 0.0003;
  (154) 0.0023, 0.0482, 0.0015, 0.9400, 0.0080;
  (155) 0.0031, 0.0352, 0.0204, 0.9400, 0.0013;
  (156) 0.0078, 0.0001, 0.9400, 0.0114, 0.0407;
  (157) 0.0516, 0.0006, 0.0017, 0.0061, 0.9400;
  (158) 0.9400, 0.0526, 0.0043, 0.0026, 0.0005;
  (159) 0.0555, 0.9400, 0.0027, 0.0010, 0.0008;
  (160) 0.0300, 0.0061, 0.0124, 0.9400, 0.0115;
  (161) 0.9400, 0.0469, 0.0128, 0.0002, 0.0001;
  (162) 0.0450, 0.0024, 0.0110, 0.0016, 0.9400;
  (163) 0.0261, 0.9400, 0.0195, 0.0098, 0.0046;
  (164) 0.0510, 0.0088, 0.9400, 0.0002, 0.0000;
  (165) 0.9400, 0.0365, 0.0043, 0.0096, 0.0096;
  (166) 0.0380, 0.0211, 0.0008, 0.9400, 0.0001;
  (167) 0.0239, 0.9400, 0.0245, 0.0096, 0.0020;
  (168) 0.0291, 0.0188, 0.0039, 0.0082, 0.9400;
  (169) 0.0103, 0.0376, 0.9400, 0.0073, 0.0048;
  (170) 0.0227, 0.0214, 0.0073, 0.0086, 0.9400;
  (171) 0.0159, 0.9400, 0.0290, 0.0101, 0.0050;
  (172) 0.9400, 0.0348, 0.0165, 0.0058, 0.0029;
  (173) 0.0135, 0.0030, 0.0114, 0.9400, 0.0321;
  (174) 0.0063, 0.0158, 0.9400, 0.0300, 0.0079;
  (175) 0.0561, 0.9400, 0.0038, 0.0001, 0.0000;
  (176) 0.9400, 0.0328, 0.0001, 0.0107, 0.0164;
  (177) 0.0537, 0.0013, 0.0008, 0.9400, 0.0042;
  (178) 0.0296, 0.0247, 0.0035, 0.0022, 0.9400;
  (179) 0.0454, 0.0114, 0.9400, 0.0006, 0.0026;
  (180) 0.0592, 0.0006, 0.9400, 0.0001, 0.0001;
  (181) 0.0250, 0.9400, 0.0033, 0.0045, 0.0272;
  (182) 0.0308, 0.0137, 0.0108, 0.9400, 0.0047;
  (183) 0.0578, 0.0009, 0.0008, 0.0005, 0.9400;
  (184) 0.9400, 0.0237, 0.0085, 0.0116, 0.0162;
  (185) 0.0411, 0.0093, 0.0004, 0.0092, 0.9400;
  (186) 0.0522, 0.0074, 0.0002, 0.9400, 0.0002;
  (187) 0.9400, 0.0467, 0.0101, 0.0022, 0.0010;
  (188) 0.0244, 0.0180, 0.9400, 0.0088, 0.0088;
  (189) 0.0081, 0.9400, 0.0496, 0.0008, 0.0015;
  (190) 0.0272, 0.0230, 0.0080, 0.0018, 0.9400;
  (191) 0.0515, 0.9400, 0.0019, 0.0045, 0.0021;
  (192) 0.0560, 0.0038, 0.9400, 0.0002, 0.0000;
  (193) 0.0485, 0.0115, 0.0000, 0.9400, 0.0000;
  (194) 0.9400, 0.0463, 0.0039, 0.0005, 0.0093;
  (195) 0.0040, 0.9400, 0.0279, 0.0185, 0.0096;
  (196) 0.0588, 0.0012, 0.0000, 0.0000, 0.9400;
  (197) 0.0458, 0.0093, 0.0028, 0.9400, 0.0021;
  (198) 0.0589, 0.0005, 0.9400, 0.0005, 0.0001;
  (199) 0.9400, 0.0237, 0.0243, 0.0025, 0.0095;
  (200) 0.0174, 0.0395, 0.0005, 0.0026, 0.9400;
  (201) 0.9400, 0.0246, 0.0320, 0.0004, 0.0030;
  (202) 0.0033, 0.0101, 0.9400, 0.0222, 0.0244;
  (203) 0.0196, 0.0233, 0.0112, 0.9400, 0.0059;
  (204) 0.0372, 0.9400, 0.0197, 0.0009, 0.0022;
  (205) 0.0306, 0.9400, 0.0193, 0.0086, 0.0015;
  (206) 0.0070, 0.0159, 0.0119, 0.0252, 0.9400;
  (207) 0.9400, 0.0342, 0.0032, 0.0054, 0.0172;
  (208) 0.0183, 0.0372, 0.9400, 0.0019, 0.0026;
  (209) 0.0091, 0.0047, 0.0338, 0.9400, 0.0124;
  (210) 0.0161, 0.0391, 0.0034, 0.0014, 0.9400;
  (211) 0.9400, 0.0308, 0.0249, 0.0001, 0.0042;
  (212) 0.0022, 0.0254, 0.0208, 0.9400, 0.0116;
  (213) 0.0196, 0.9400, 0.0054, 0.0132, 0.0218;
  (214) 0.0198, 0.0022, 0.9400, 0.0225, 0.0155;
  (215) 0.0158, 0.0080, 0.9400, 0.0063, 0.0299;
}

probability (column3) {
  table 0.0037, 0.0072, 0.0038, 0.0010, 0.0070, 0.0015, 0.0030, 0.0037, 0.0023, 0.0050, 0.0019, 0.0061, 0.0006, 0.0027, 0.0042, 0.0050, 0.0066, 0.0029, 0.0079, 0.0048, 0.0051, 0.0037, 0.0051, 0.0092, 0.0058, 0.0069, 0.0061, 0.0008, 0.0064, 0.0021, 0.0086, 0.0045, 0.0039, 0.0066, 0.0018, 0.0069, 0.0061, 0.0068, 0.0035, 0.0025, 0.0032, 0.0016, 0.0021, 0.0018, 0.0042, 0.0037, 0.0052, 0.0039, 0.0130, 0.0024, 0.0036, 0.0050, 0.0085, 0.0025, 0.0043, 0.0028, 0.0078, 0.0041, 0.0037, 0.0077, 0.0026, 0.0031, 0.0056, 0.0037, 0.0052, 0.0026, 0.0031, 0.0019, 0.0038, 0.0049, 0.0041, 0.0038, 0.0024, 0.0068, 0.0035, 0.0066, 0.0052, 0.0057, 0.0073, 0.0030, 0.0086, 0.0036, 0.0035, 0.0023, 0.0071, 0.0040, 0.0037, 0.0047, 0.0076, 0.0042, 0.0072, 0.0057, 0.0035, 0.0062, 0.0043, 0.0038, 0.0050, 0.0064, 0.0030, 0.0059, 0.0018, 0.0058, 0.0019, 0.0029, 0.0044, 0.0049, 0.0062, 0.0056, 0.0029, 0.0055, 0.0090, 0.0033, 0.0040, 0.0078, 0.0090, 0.0047, 0.0020, 0.0043, 0.0053, 0.0034, 0.0029, 0.0035, 0.0031, 0.0024, 0.0017, 0.0023, 0.0018, 0.0064, 0.0024, 0.0057, 0.0032, 0.0063, 0.0087, 0.0061, 0.0038, 0.0074, 0.0031, 0.0033, 0.0036, 0.0043, 0.0058, 0.0046, 0.0071, 0.0039, 0.0053, 0.0054, 0.0021, 0.0037, 0.0041, 0.0039, 0.0071, 0.0028, 0.0038, 0.0081, 0.0045, 0.0090, 0.0073, 0.0066, 0.0056, 0.0066, 0.0042, 0.0061, 0.0062, 0.0045, 0.0035, 0.0048, 0.0045, 0.0033, 0.0052, 0.0060, 0.0055, 0.0029, 0.0035, 0.0018, 0.0039, 0.0026, 0.0055, 0.0067, 0.0071, 0.0044, 0.0060, 0.0065, 0.0025, 0.0031, 0.0059, 0.0030, 0.0047, 0.0048, 0.0017, 0.0026, 0.0042, 0.0025, 0.0034, 0.0032, 0.0097, 0.0037, 0.0049, 0.0029, 0.0097, 0.0031, 0.0080, 0.0048, 0.0039, 0.0067, 0.0055, 0.0069, 0.0064, 0.0026, 0.0047, 0.0061, 0.0030, 0.0031, 0.0045, 0.0025, 0.0026, 0.0048;
}

probability (column4 | column3) {
  (0) 0.0392, 0.0184, 0.0010, 0.9400, 0.0014;
  (1) 0.0585, 0.9400, 0.0008, 0.0007, 0.0000;
  (2) 0.0564, 0.0034, 0.0001, 0.0001, 0.9400;
  (3) 0.9400, 0.0577, 0.0020, 0.0001, 0.0002;
  (4) 0.0253, 0.0085, 0.9400, 0.0226, 0.0036;
  (5) 0.0280, 0.0112, 0.9400, 0.0040, 0.0168;
  (6) 0.9400, 0.0394, 0.0022, 0.0088, 0.0096;
  (7) 0.0365, 0.0119, 0.0115, 0.0001, 0.9400;
  (8) 0.0515, 0.0009, 0.0030, 0.9400, 0.0046;
  (9) 0.0466, 0.9400, 0.0062, 0.0009, 0.0063;
  (10) 0.0018, 0.0131, 0.0315, 0.9400, 0.0136;
  (11) 0.9400, 0.0387, 0.0081, 0.0063, 0.0069;
  (12) 0.0425, 0.0093, 0.0035, 0.0047, 0.9400;
  (13) 0.0142, 0.9400, 0.0194, 0.0248, 0.0016;
  (14) 0.0446, 0.0011, 0.9400, 0.0042, 0.0101;
  (15) 0.0033, 0.0471, 0.0092, 0.9400, 0.0004;
  (16) 0.0153, 0.9400, 0.0364, 0.0022, 0.0061;
  (17) 0.9400, 0.0063, 0.0254, 0.0201, 0.0082;
  (18) 0.0360, 0.0028, 0.9400, 0.0131, 0.0081;
  (19) 0.0482, 0.0042, 0.0042, 0.0034, 0.9400;
  (20) 0.0206, 0.0308, 0.0057, 0.9400, 0.0029;
  (21) 0.0335, 0.0203, 0.9400, 0.0006, 0.0056;
  (22) 0.0081, 0.0280, 0.0219, 0.0020, 0.9400;
  (23) 0.9400, 0.0300, 0.0066, 0.0108, 0.0126;
  (24) 0.0262, 0.9400, 0.0021, 0.0082, 0.0235;
  (25) 0.0004, 0.0196, 0.0232, 0.0168, 0.9400;
  (26) 0.0046, 0.9400, 0.0513, 0.0003, 0.0038;
  (27) 0.0003, 0.0208, 0.9400, 0.0143, 0.0246;
  (28) 0.9400, 0.0480, 0.0089, 0.0026, 0.0005;
  (29) 0.0108, 0.0111, 0.0041, 0.9400, 0.0340;
  (30) 0.0562, 0.0027, 0.0002, 0.0009, 0.9400;
  (31) 0.0086, 0.9400, 0.0506, 0.0006, 0.0002;
  (32) 0.0473, 0.0096, 0.9400, 0.0023, 0.0008;
  (33) 0.0529, 0.0034, 0.0000, 0.9400, 0.0037;
  (34) 0.9400, 0.0411, 0.0102, 0.0035, 0.0052;
  (35) 0.0362, 0.0094, 0.0014, 0.9400, 0.0130;
  (36) 0.9400, 0.0326, 0.0199, 0.0027, 0.0048;
  (37) 0.0239, 0.9400, 0.0161, 0.0097, 0.0103;
  (38) 0.0600, 0.0000, 0.9400, 0.0000, 0.0000;
  (39) 0.0059, 0.0508, 0.0008, 0.0025, 0.9400;
  (40) 0.0274, 0.9400, 0.0002, 0.0323, 0.0001;
  (41) 0.0386, 0.0161, 0.9400, 0.0026, 0.0027;
  (42) 0.0564, 0.0010, 0.0003, 0.9400, 0.0023;
  (43) 0.0540, 0.0042, 0.0011, 0.0007, 0.9400;
  (44) 0.9400, 0.0374, 0.0135, 0.0006, 0.0085;
  (45) 0.0544, 0.0042, 0.0012, 0.9400, 0.0002;
  (46) 0.0338, 0.0087, 0.0091, 0.0084, 0.9400;
  (47) 0.0176, 0.9400, 0.0396, 0.0025, 0.0003;
  (48) 0.9400, 0.0445, 0.0094, 0.0009, 0.0052;
  (49) 0.0004, 0.0281, 0.9400, 0.0175, 0.0140;
  (50) 0.9400, 0.0279, 0.0166, 0.0024, 0.0131;
  (51) 0.0467, 0.9400, 0.0031, 0.0090, 0.0012;
  (52) 0.0306, 0.0120, 0.0133, 0.9400, 0.0041;
  (53) 0.0360, 0.0090, 0.0089, 0.0061, 0.9400;
  (54) 0.0388, 0.0177, 0.9400, 0.0021, 0.0014;
  (55) 0.0530, 0.0022, 0.9400, 0.0029, 0.0019;
  (56) 0.0489, 0.0037, 0.0001, 0.0073, 0.9400;
  (57) 0.9400, 0.0059, 0.0371, 0.0079, 0.0091;
  (58) 0.0145, 0.9400, 0.0199, 0.0169, 0.0087;
  (59) 0.0237, 0.0172, 0.0173, 0.9400, 0.0018;
  (60) 0.0296, 0.0088, 0.0124, 0.0092, 0.9400;
  (61) 0.0352, 0.9400, 0.0228, 0.0017, 0.0003;
  (62) 0.9400, 0.0139, 0.0043, 0.0219, 0.0199;
  (63) 0.0559, 0.0035, 0.9400, 0.0001, 0.0005;
  (64) 0.0512, 0.0052, 0.0019, 0.9400, 0.0017;
  (65) 0.0061, 0.0337, 0.9400, 0.0174, 0.0028;
  (66) 0.9400, 0.0089, 0.0260, 0.0204, 0.0047;
  (67) 0.0138, 0.9400, 0.0292, 0.0084, 0.0086;
  (68) 0.0309, 0.0227, 0.0045, 0.0019, 0.9400;
  (69) 0.0425, 0.0010, 0.0059, 0.9400, 0.0106;
  (70) 0.0560, 0.0029, 0.0007, 0.0004, 0.9400;
  (71) 0.0294, 0.9400, 0.0244, 0.0032, 0.0030;
  (72) 0.0499, 0.0076, 0.9400, 0.0017, 0.0008;
  (73) 0.9400, 0.0286, 0.0214, 0.0050, 0.0050;
  (74) 0.0179, 0.0381, 0.0019, 0.9400, 0.0021;
  (75) 0.9400, 0.0071, 0.0026, 0.0402, 0.0101;
  (76) 0.0429, 0.0149, 0.0012, 0.0010, 0.9400;
  (77) 0.0463, 0.0058, 0.9400, 0.0058, 0.0021;
  (78) 0.0150, 0.0264, 0.0167, 0.9400, 0.0019;
  (79) 0.0491, 0.9400, 0.0053, 0.0049, 0.0007;
  (80) 0.0135, 0.9400, 0.0042, 0.0153, 0.0270;
  (81) 0.0006, 0.0479, 0.0109, 0.0006, 0.9400;
  (82) 0.9400, 0.0351, 0.0079, 0.0035, 0.0135;
  (83) 0.0582, 0.0013, 0.0000, 0.9400, 0.0005;
  (84) 0.0368, 0.0153, 0.9400, 0.0017, 0.0062;
  (85) 0.0372, 0.0180, 0.0030, 0.0018, 0.9400;
  (86) 0.9400, 0.0028, 0.0027, 0.0036, 0.0509;
  (87) 0.0038, 0.0199, 0.9400, 0.0226, 0.0137;
  (88) 0.0218, 0.0170, 0.0205, 0.9400, 0.0007;
  (89) 0.0352, 0.9400, 0.0053, 0.0149, 0.0046;
  (90) 0.9400, 0.0417, 0.0120, 0.0054, 0.0009;
  (91) 0.0214, 0.0053, 0.0093, 0.0240, 0.9400;
  (92) 0.0496, 0.0102, 0.0001, 0.9400, 0.0001;
  (93) 0.0075, 0.9400, 0.0427, 0.0025, 0.0073;
  (94) 0.0437, 0.0132, 0.9400, 0.0001, 0.0030;
  (95) 0.9400, 0.0070, 0.0530, 0.0000, 0.0000;
  (96) 0.0432, 0.0059, 0.9400, 0.0102, 0.0007;
  (97) 0.0517, 0.0019, 0.0047, 0.0017, 0.9400;
  (98) 0.0534, 0.9400, 0.0049, 0.0016, 0.0001;
  (99) 0.0226, 0.0074, 0.0150, 0.9400, 0.0150;
  (100) 0.0281, 0.9400, 0.0140, 0.0027, 0.0152;
  (101) 0.9400, 0.0584, 0.0005, 0.0004, 0.0007;
  (102) 0.0181, 0.0033, 0.9400, 0.0136, 0.0250;
  (103) 0.0467, 0.0089, 0.0044, 0.0000, 0.9400;
  (104) 0.0290, 0.0227, 0.0000, 0.9400, 0.0083;
  (105) 0.0190, 0.0303, 0.0023, 0.9400, 0.0084;
  (106) 0.0102, 0.0493, 0.9400, 0.0001, 0.0004;
  (107) 0.0377, 0.9400, 0.0213, 0.0003, 0.0007;
  (108) 0.9400, 0.0514, 0.0000, 0.0041, 0.0045;
  (109) 0.0129, 0.0300, 0.0066, 0.0105, 0.9400;
  (110) 0.0414, 0.0008, 0.0020, 0.9400, 0.0158;
  (111) 0.9400, 0.0308, 0.0219, 0.0007, 0.0066;
  (112) 0.0276, 0.9400, 0.0043, 0.0062, 0.0219;
  (113) 0.0251, 0.0177, 0.0065, 0.0107, 0.9400;
  (114) 0.0565, 0.0035, 0.9400, 0.0000, 0.0000;
  (115) 0.0166, 0.0408, 0.0019, 0.9400, 0.0007;
  (116) 0.9400, 0.0582, 0.0013, 0.0002, 0.0003;
  (117) 0.0339, 0.0038, 0.0069, 0.0154, 0.9400;
  (118) 0.0330, 0.0008, 0.9400, 0.0072, 0.0190;
  (119) 0.0355, 0.9400, 0.0003, 0.0081, 0.0161;
  (120) 0.0141, 0.0439, 0.9400, 0.0002, 0.0018;
  (121) 0.0352, 0.0123, 0.0064, 0.9400, 0.0061;
  (122) 0.9400, 0.0356, 0.0207, 0.0024, 0.0013;
  (123) 0.0371, 0.9400, 0.0076, 0.0074, 0.0079;
  (124) 0.0490, 0.0028, 0.0081, 0.0001, 0.9400;
  (125) 0.0393, 0.0188, 0.0017, 0.0002, 0.9400;
  (126) 0.9400, 0.0142, 0.0190, 0.0041, 0.0227;
  (127) 0.0486, 0.0102, 0.9400, 0.0005, 0.0007;
  (128) 0.0577, 0.9400, 0.0016, 0.0003, 0.0004;
  (129) 0.0570, 0.0019, 0.0000, 0.9400, 0.0011;
  (130) 0.0057, 0.0434, 0.9400, 0.0012, 0.0097;
  (131) 0.0381, 0.0028, 0.0075, 0.9400, 0.0116;
  (132) 0.0027, 0.9400, 0.0418, 0.0144, 0.0011;
  (133) 0.9400, 0.0474, 0.0063, 0.0048, 0.0015;
  (134) 0.0268, 0.0132, 0.0122, 0.0078, 0.9400;
  (135) 0.9400, 0.0087, 0.0082, 0.0185, 0.0246;
  (136) 0.0573, 0.0017, 0.0005, 0.0005, 0.9400;
  (137) 0.0206, 0.0309, 0.0034, 0.9400, 0.0051;
  (138) 0.0550, 0.0047, 0.9400, 0.0001, 0.0002;
  (139) 0.0485, 0.9400, 0.0018, 0.0046, 0.0051;
  (140) 0.0470, 0.0054, 0.9400, 0.0036, 0.0040;
  (141) 0.0306, 0.9400, 0.0012, 0.0265, 0.0017;
  (142) 0.9400, 0.0421, 0.0018, 0.0018, 0.0143;
  (143) 0.0312, 0.0191, 0.0081, 0.0016, 0.9400;
  (144) 0.0086, 0.0391, 0.0076, 0.9400, 0.0047;
  (145) 0.9400, 0.0322, 0.0222, 0.0052, 0.0004;
  (146) 0.0580, 0.0007, 0.9400, 0.0012, 0.0001;
  (147) 0.0308, 0.0104, 0.0039, 0.9400, 0.0149;
  (148) 0.0337, 0.0225, 0.0005, 0.0033, 0.9400;
  (149) 0.0188, 0.9400, 0.0157, 0.0098, 0.0157;
  (150) 0.9400, 0.0232, 0.0206, 0.0042, 0.0120;
  (151) 0.0499, 0.0084, 0.0004, 0.0013, 0.9400;
  (152) 0.0547, 0.0005, 0.0040, 0.9400, 0.0008;
  (153) 0.0275, 0.9400, 0.0278, 0.0030, 0.0017;
  (154) 0.0437, 0.0075, 0.9400, 0.0051, 0.0037;
  (155) 0.0090, 0.9400, 0.0171, 0.0109, 0.0230;
  (156) 0.0436, 0.0128, 0.9400, 0.0032, 0.0004;
  (157) 0.0556, 0.0019, 0.0004, 0.0021, 0.9400;
  (158) 0.0193, 0.0127, 0.0157, 0.9400, 0.0123;
  (159) 0.9400, 0.0384, 0.0152, 0.0062, 0.0002;
  (160) 0.9400, 0.0359, 0.0108, 0.0002, 0.0131;
  (161) 0.0305, 0.0066, 0.0198, 0.0031, 0.9400;
  (162) 0.0239, 0.9400, 0.0194, 0.0069, 0.0098;
  (163) 0.0379, 0.0044, 0.9400, 0.0078, 0.0099;
  (164) 0.0005, 0.0356, 0.0036, 0.9400, 0.0203;
  (165) 0.0139, 0.0190, 0.0141, 0.0130, 0.9400;
  (166) 0.0477, 0.0046, 0.0011, 0.9400, 0.0066;
  (167) 0.9400, 0.0444, 0.0060, 0.0082, 0.0014;
  (168) 0.0180, 0.0146, 0.9400, 0.0160, 0.0114;
  (169) 0.0367, 0.9400, 0.0036, 0.0105, 0.0092;
  (170) 0.0256, 0.9400, 0.0202, 0.0090, 0.0052;
  (171) 0.9400, 0.0564, 0.0035, 0.0001, 0.0000;
  (172) 0.0279, 0.0046, 0.0108, 0.0167, 0.9400;
  (173) 0.0539, 0.0023, 0.0035, 0.9400, 0.0003;
  (174) 0.0551, 0.0015, 0.9400, 0.0009, 0.0025;
  (175) 0.0460, 0.0088, 0.0004, 0.9400, 0.0048;
  (176) 0.0388, 0.9400, 0.0095, 0.0109, 0.0008;
  (177) 0.0441, 0.0155, 0.9400, 0.0004, 0.0000;
  (178) 0.0018, 0.0089, 0.0289, 0.0204, 0.9400;
  (179) 0.9400, 0.0530, 0.0017, 0.0015, 0.0038;
  (180) 0.0367, 0.0104, 0.0122, 0.0007, 0.9400;
  (181) 0.0517, 0.0057, 0.0011, 0.9400, 0.0015;
  (182) 0.9400, 0.0178, 0.0313, 0.0083, 0.0026;
  (183) 0.0143, 0.0075, 0.9400, 0.0369, 0.0013;
  (184) 0.0470, 0.9400, 0.0037, 0.0032, 0.0061;
  (185) 0.0518, 0.9400, 0.0022, 0.0044, 0.0016;
  (186) 0.0519, 0.0020, 0.9400, 0.0021, 0.0040;
  (187) 0.9400, 0.0302, 0.0082, 0.0028, 0.0188;
  (188) 0.0249, 0.0061, 0.0128, 0.0162, 0.9400;
  (189) 0.0223, 0.0310, 0.0024, 0.9400, 0.0043;
  (190) 0.0412, 0.9400, 0.0008, 0.0081, 0.0099;
  (191) 0.0460, 0.0088, 0.9400, 0.0041, 0.0011;
  (192) 0.0548, 0.0028, 0.0008, 0.9400, 0.0016;
  (193) 0.9400, 0.0331, 0.0107, 0.0065, 0.0097;
  (194) 0.0328, 0.0090, 0.0060, 0.0122, 0.9400;
  (195) 0.0181, 0.0301, 0.0093, 0.0025, 0.9400;
  (196) 0.0130, 0.9400, 0.0193, 0.0025, 0.0252;
  (197) 0.9400, 0.0531, 0.0003, 0.0060, 0.0006;
  (198) 0.0383, 0.0116, 0.9400, 0.0082, 0.0019;
  (199) 0.0346, 0.0031, 0.0030, 0.9400, 0.0193;
  (200) 0.0059, 0.0132, 0.9400, 0.0214, 0.0195;
  (201) 0.0150, 0.9400, 0.0434, 0.0004, 0.0012;
  (202) 0.0018, 0.0466, 0.0071, 0.0045, 0.9400;
  (203) 0.0138, 0.0189, 0.0122, 0.9400, 0.0151;
  (204) 0.9400, 0.0554, 0.0028, 0.0017, 0.0001;
  (205) 0.0486, 0.0110, 0.9400, 0.0002, 0.0002;
  (206) 0.0363, 0.0055, 0.0013, 0.9400, 0.0169;
  (207) 0.9400, 0.0033, 0.0509, 0.0049, 0.0009;
  (208) 0.0301, 0.0205, 0.0029, 0.0065, 0.9400;
  (209) 0.0455, 0.9400, 0.0071, 0.0046, 0.0028;
  (210) 0.0323, 0.0093, 0.0144, 0.9400, 0.0040;
  (211) 0.0059, 0.0031, 0.0254, 0.0256, 0.9400;
  (212) 0.0363, 0.0196, 0.9400, 0.0006, 0.0035;
  (213) 0.0392, 0.9400, 0.0070, 0.0005, 0.0133;
  (214) 0.9400, 0.0372, 0.0167, 0.0058, 0.0003;
  (215) 0.0196, 0.0221, 0.0144, 0.9400, 0.0039;
}

probability (column5) {
  table 0.25, 0.25, 0.25, 0.25;
}

probability (column6) {
  table 0.25, 0.25, 0.25, 0.25;
}

probability (column7 | column5, column6) {
  (0, 0) 0.0341, 0.9400, 0.0107, 0.0152;
  (0, 1) 0.0525, 0.0034, 0.9400, 0.0041;
  (0, 2) 0.0176, 0.0200, 0.0224, 0.9400;
  (0, 3) 0.9400, 0.0590, 0.0001, 0.0009;
  (1, 0) 0.9400, 0.0448, 0.0107, 0.0045;
  (1, 1) 0.0042, 0.0362, 0.0196, 0.9400;
  (1, 2) 0.0249, 0.0145, 0.9400, 0.0206;
  (1, 3) 0.0419, 0.9400, 0.0060, 0.0121;
  (2, 0) 0.0305, 0.0041, 0.9400, 0.0254;
  (2, 1) 0.9400, 0.0032, 0.0008, 0.0560;
  (2, 2) 0.9400, 0.0072, 0.0425, 0.0103;
  (2, 3) 0.0367, 0.0088, 0.9400, 0.0145;
  (3, 0) 0.0008, 0.0560, 0.0032, 0.9400;
  (3, 1) 0.0128, 0.9400, 0.0377, 0.0095;
  (3, 2) 0.0248, 0.9400, 0.0194, 0.0158;
  (3, 3) 0.0425, 0.0107, 0.0068, 0.9400;
}

probability (column8) {
  table 0.1544, 0.1590, 0.1236, 0.0350, 0.0447, 0.1193, 0.1350, 0.0737, 0.0866, 0.0687;
}

probability (column9) {
  table 0.0878, 0.0446, 0.1561, 0.0582, 0.0815, 0.0489, 0.1534, 0.0891, 0.1117, 0.1687;
}

probability (column10 | column8, column9) {
  (0, 0) 0.0398, 0.0181, 0.0006, 0.9400, 0.0007, 0.0003, 0.0004, 0.0001, 0.0000, 0.0000;
  (0, 1) 0.0266, 0.0296, 0.0002, 0.0015, 0.0019, 0.0001, 0.0000, 0.0001, 0.0000, 0.9400;
  (0, 2) 0.0167, 0.0082, 0.0006, 0.0043, 0.0221, 0.0002, 0.9400, 0.0047, 0.0018, 0.0014;
  (0, 3) 0.0454, 0.0014, 0.0080, 0.0042, 0.9400, 0.0006, 0.0002, 0.0002, 0.0000, 0.0000;
  (0, 4) 0.0263, 0.9400, 0.0293, 0.0005, 0.0001, 0.0027, 0.0001, 0.0005, 0.0002, 0.0003;
  (0, 5) 0.0187, 0.0071, 0.9400, 0.0291, 0.0031, 0.0001, 0.0013, 0.0001, 0.0005, 0.0000;
  (0, 6) 0.0020, 0.0070, 0.0246, 0.0249, 0.0011, 0.0003, 0.0001, 0.9400, 0.0000, 0.0000;
  (0, 7) 0.9400, 0.0131, 0.0468, 0.0001, 0.0000, 0.0000, 0.0000, 0.0000, 0.0000, 0.0000;
  (0, 8) 0.0248, 0.0256, 0.0020, 0.0075, 0.0000, 0.9400, 0.0001, 0.0000, 0.0000, 0.0000;
  (0, 9) 0.0352, 0.0046, 0.0113, 0.0067, 0.0000, 0.0014, 0.0002, 0.0005, 0.9400, 0.0001;
  (1, 0) 0.9400, 0.0091, 0.0285, 0.0216, 0.0006, 0.0002, 0.0000, 0.0000, 0.0000, 0.0000;
  (1, 1) 0.0589, 0.0001, 0.0000, 0.9400, 0.0006, 0.0003, 0.0001, 0.0000, 0.0000, 0.0000;
  (1, 2) 0.0159, 0.0203, 0.0179, 0.0049, 0.0000, 0.0009, 0.9400, 0.0001, 0.0000, 0.0000;
  (1, 3) 0.0558, 0.0013, 0.0007, 0.0015, 0.9400, 0.0000, 0.0004, 0.0001, 0.0001, 0.0001;
  (1, 4) 0.0502, 0.0077, 0.0002, 0.0010, 0.0005, 0.0002, 0.0002, 0.0000, 0.9400, 0.0000;
  (1, 5) 0.0012, 0.0413, 0.9400, 0.0148, 0.0021, 0.0000, 0.0003, 0.0002, 0.0000, 0.0001;
  (1, 6) 0.0542, 0.0023, 0.0028, 0.0002, 0.0000, 0.9400, 0.0001, 0.0003, 0.0000, 0.0001;
  (1, 7) 0.0514, 0.0052, 0.0024, 0.0003, 0.0004, 0.0002, 0.0000, 0.0001, 0.0000, 0.9400;
  (1, 8) 0.0131, 0.9400, 0.0374, 0.0065, 0.0004, 0.0013, 0.0011, 0.0000, 0.0001, 0.0001;
  (1, 9) 0.0319, 0.0227, 0.0002, 0.0048, 0.0002, 0.0000, 0.0001, 0.9400, 0.0001, 0.0000;
  (2, 0) 0.0489, 0.9400, 0.0073, 0.0005, 0.0011, 0.0022, 0.0000, 0.0000, 0.0000, 0.0000;
  (2, 1) 0.0185, 0.0248, 0.0102, 0.0009, 0.0056, 0.0000, 0.0000, 0.0000, 0.0000, 0.9400;
  (2, 2) 0.0591, 0.0006, 0.0001, 0.0002, 0.0000, 0.0000, 0.0000, 0.9400, 0.0000, 0.0000;
  (2, 3) 0.0341, 0.0254, 0.9400, 0.0002, 0.0002, 0.0001, 0.0000, 0.0000, 0.0000, 0.0000;
  (2, 4) 0.0527, 0.0029, 0.0034, 0.0001, 0.9400, 0.0008, 0.0001, 0.0000, 0.0000, 0.0000;
  (2, 5) 0.0310, 0.0042, 0.0153, 0.0082, 0.0009, 0.0001, 0.0001, 0.0001, 0.9400, 0.0001;
  (2, 6) 0.9400, 0.0385, 0.0212, 0.0001, 0.0002, 0.0000, 0.0000, 0.0000, 0.0000, 0.0000;
  (2, 7) 0.0069, 0.0087, 0.0085, 0.0244, 0.0028, 0.9400, 0.0079, 0.0004, 0.0000, 0.0004;
  (2, 8) 0.0040, 0.0409, 0.0082, 0.9400, 0.0046, 0.0005, 0.0009, 0.0005, 0.0004, 0.0000;
  (2, 9) 0.0599, 0.0001, 0.0000, 0.0000, 0.0000, 0.0000, 0.9400, 0.0000, 0.0000, 0.0000;
  (3, 0) 0.0263, 0.9400, 0.0296, 0.0040, 0.0000, 0.0000, 0.0001, 0.0000, 0.0000, 0.0000;
  (3, 1) 0.0490, 0.0013, 0.0075, 0.0001, 0.9400, 0.0016, 0.0005, 0.0000, 0.0000, 0.0000;
  (3, 2) 0.0193, 0.0257, 0.0037, 0.0063, 0.0013, 0.0027, 0.9400, 0.0007, 0.0003, 0.0000;
  (3, 3) 0.0260, 0.0187, 0.0063, 0.0073, 0.0011, 0.9400, 0.0003, 0.0000, 0.0000, 0.0003;
  (3, 4) 0.0508, 0.0074, 0.0005, 0.0007, 0.0003, 0.0001, 0.0000, 0.9400, 0.0000, 0.0002;
  (3, 5) 0.0012, 0.0527, 0.0002, 0.9400, 0.0059, 0.0000, 0.0000, 0.0000, 0.0000, 0.0000;
  (3, 6) 0.0449, 0.0105, 0.9400, 0.0027, 0.0006, 0.0002, 0.0006, 0.0004, 0.0000, 0.0001;
  (3, 7) 0.9400, 0.0390, 0.0149, 0.0050, 0.0010, 0.0000, 0.0000, 0.0000, 0.0000, 0.0001;
  (3, 8) 0.0156, 0.0045, 0.0154, 0.0223, 0.0005, 0.0009, 0.0004, 0.0004, 0.0000, 0.9400;
  (3, 9) 0.0290, 0.0161, 0.0038, 0.0031, 0.0034, 0.0012, 0.0013, 0.0018, 0.9400, 0.0003;
  (4, 0) 0.0035, 0.9400, 0.0041, 0.0433, 0.0081, 0.0001, 0.0001, 0.0002, 0.0005, 0.0001;
  (4, 1) 0.0501, 0.0021, 0.0068, 0.0007, 0.9400, 0.0000, 0.0002, 0.0001, 0.0000, 0.0000;
  (4, 2) 0.0287, 0.0105, 0.0130, 0.0005, 0.0047, 0.0023, 0.0000, 0.0001, 0.9400, 0.0002;
  (4, 3) 0.0040, 0.0337, 0.0005, 0.9400, 0.0060, 0.0131, 0.0014, 0.0005, 0.0000, 0.0008;
  (4, 4) 0.0047, 0.0242, 0.0211, 0.0086, 0.0010, 0.9400, 0.0003, 0.0000, 0.0001, 0.0000;
  (4, 5) 0.0223, 0.0347, 0.0026, 0.0003, 0.0000, 0.0001, 0.0000, 0.9400, 0.0000, 0.0000;
  (4, 6) 0.0526, 0.0070, 0.0000, 0.0000, 0.0004, 0.0000, 0.9400, 0.0000, 0.0000, 0.0000;
  (4, 7) 0.0010, 0.0143, 0.0231, 0.0136, 0.0028, 0.0003, 0.0047, 0.0001, 0.0001, 0.9400;
  (4, 8) 0.9400, 0.0587, 0.0004, 0.0000, 0.0004, 0.0004, 0.0000, 0.0000, 0.0001, 0.0000;
  (4, 9) 0.0557, 0.0004, 0.9400, 0.0017, 0.0005, 0.0002, 0.0011, 0.0001, 0.0003, 0.0000;
  (5, 0) 0.0585, 0.0010, 0.0001, 0.0000, 0.0003, 0.0001, 0.0000, 0.0000, 0.0000, 0.9400;
  (5, 1) 0.0024, 0.0331, 0.0219, 0.9400, 0.0001, 0.0001, 0.0015, 0.0007, 0.0000, 0.0002;
  (5, 2) 0.0077, 0.0196, 0.0154, 0.0106, 0.0028, 0.0016, 0.0009, 0.9400, 0.0002, 0.0012;
  (5, 3) 0.0371, 0.0047, 0.9400, 0.0008, 0.0005, 0.0147, 0.0007, 0.0006, 0.0004, 0.0005;
  (5, 4) 0.0215, 0.9400, 0.0058, 0.0269, 0.0027, 0.0003, 0.0000, 0.0014, 0.0005, 0.0009;
  (5, 5) 0.0466, 0.0095, 0.0036, 0.0001, 0.0000, 0.0001, 0.0000, 0.0000, 0.9400, 0.0001;
  (5, 6) 0.9400, 0.0190, 0.0295, 0.0079, 0.0020, 0.0007, 0.0002, 0.0007, 0.0000, 0.0000;
  (5, 7) 0.0019, 0.0134, 0.0375, 0.0035, 0.9400, 0.0008, 0.0028, 0.0000, 0.0000, 0.0001;
  (5, 8) 0.0266, 0.0023, 0.0148, 0.0141, 0.0003, 0.9400, 0.0006, 0.0010, 0.0002, 0.0001;
  (5, 9) 0.0594, 0.0002, 0.0003, 0.0000, 0.0001, 0.0000, 0.9400, 0.0000, 0.0000, 0.0000;
  (6, 0) 0.0272, 0.0025, 0.0214, 0.0070, 0.0008, 0.9400, 0.0003, 0.0006, 0.0001, 0.0001;
  (6, 1) 0.0518, 0.0056, 0.9400, 0.0010, 0.0006, 0.0003, 0.0002, 0.0001, 0.0002, 0.0002;
  (6, 2) 0.0519, 0.0062, 0.0016, 0.9400, 0.0003, 0.0000, 0.0000, 0.0000, 0.0000, 0.0000;
  (6, 3) 0.0157, 0.0176, 0.0114, 0.0039, 0.0069, 0.0014, 0.0004, 0.9400, 0.0017, 0.0010;
  (6, 4) 0.0217, 0.0056, 0.0268, 0.0039, 0.0008, 0.0007, 0.0003, 0.0002, 0.0000, 0.9400;
  (6, 5) 0.0568, 0.9400, 0.0005, 0.0008, 0.0004, 0.0008, 0.0001, 0.0000, 0.0002, 0.0004;
  (6, 6) 0.9400, 0.0247, 0.0316, 0.0007, 0.0025, 0.0001, 0.0004, 0.0000, 0.0000, 0.0000;
  (6, 7) 0.0533, 0.0053, 0.0001, 0.0011, 0.0000, 0.0001, 0.0000, 0.0000, 0.9400, 0.0001;
  (6, 8) 0.0231, 0.0082, 0.0175, 0.0060, 0.0020, 0.0004, 0.9400, 0.0018, 0.0002, 0.0008;
  (6, 9) 0.0492, 0.0064, 0.0009, 0.0026, 0.9400, 0.0005, 0.0001, 0.0001, 0.0002, 0.0000;
  (7, 0) 0.0350, 0.0075, 0.0091, 0.0037, 0.0021, 0.0009, 0.0006, 0.0007, 0.0004, 0.9400;
  (7, 1) 0.0035, 0.9400, 0.0262, 0.0019, 0.0080, 0.0006, 0.0182, 0.0002, 0.0011, 0.0003;
  (7, 2) 0.0111, 0.0331, 0.9400, 0.0028, 0.0101, 0.0022, 0.0005, 0.0001, 0.0001, 0.0000;
  (7, 3) 0.9400, 0.0581, 0.0012, 0.0004, 0.0003, 0.0000, 0.0000, 0.0000, 0.0000, 0.0000;
  (7, 4) 0.0453, 0.0035, 0.0027, 0.9400, 0.0020, 0.0028, 0.0013, 0.0013, 0.0002, 0.0009;
  (7, 5) 0.0580, 0.0019, 0.0000, 0.0000, 0.9400, 0.0000, 0.0001, 0.0000, 0.0000, 0.0000;
  (7, 6) 0.0144, 0.0291, 0.0087, 0.0059, 0.0014, 0.9400, 0.0002, 0.0003, 0.0000, 0.0000;
  (7, 7) 0.0452, 0.0130, 0.0015, 0.0001, 0.0001, 0.0000, 0.0001, 0.9400, 0.0000, 0.0000;
  (7, 8) 0.0302, 0.0229, 0.0029, 0.0038, 0.0001, 0.0000, 0.9400, 0.0001, 0.0000, 0.0000;
  (7, 9) 0.0307, 0.0060, 0.0041, 0.0034, 0.0033, 0.0074, 0.0029, 0.0021, 0.9400, 0.0001;
  (8, 0) 0.0018, 0.0304, 0.9400, 0.0171, 0.0086, 0.0004, 0.0003, 0.0013, 0.0001, 0.0000;
  (8, 1) 0.0107, 0.0013, 0.0235, 0.0231, 0.0013, 0.0000, 0.0000, 0.0000, 0.9400, 0.0001;
  (8, 2) 0.0351, 0.9400, 0.0057, 0.0106, 0.0068, 0.0007, 0.0006, 0.0005, 0.0000, 0.0000;
  (8, 3) 0.0215, 0.0214, 0.0108, 0.0017, 0.0017, 0.9400, 0.0011, 0.0007, 0.0010, 0.0001;
  (8, 4) 0.9400, 0.0060, 0.0149, 0.0112, 0.0153, 0.0089, 0.0027, 0.0007, 0.0002, 0.0001;
  (8, 5) 0.0448, 0.0094, 0.0018, 0.9400, 0.0007, 0.0016, 0.0001, 0.0006, 0.0008, 0.0002;
  (8, 6) 0.0237, 0.0227, 0.0104, 0.0022, 0.9400, 0.0008, 0.0000, 0.0001, 0.0000, 0.0001;
  (8, 7) 0.0231, 0.0012, 0.0211, 0.0140, 0.0000, 0.0005, 0.9400, 0.0000, 0.0001, 0.0000;
  (8, 8) 0.0261, 0.0006, 0.0273, 0.0027, 0.0013, 0.0012, 0.0008, 0.0000, 0.0000, 0.9400;
  (8, 9) 0.0056, 0.0427, 0.0117, 0.0000, 0.0000, 0.0000, 0.0000, 0.9400, 0.0000, 0.0000;
  (9, 0) 0.0493, 0.0004, 0.0001, 0.0077, 0.0004, 0.0014, 0.0004, 0.9400, 0.0001, 0.0002;
  (9, 1) 0.0213, 0.0207, 0.0060, 0.9400, 0.0048, 0.0045, 0.0008, 0.0014, 0.0003, 0.0002;
  (9, 2) 0.0461, 0.0097, 0.0035, 0.0005, 0.0000, 0.0002, 0.0000, 0.0000, 0.9400, 0.0000;
  (9, 3) 0.0008, 0.9400, 0.0123, 0.0158, 0.0019, 0.0131, 0.0017, 0.0027, 0.0074, 0.0043;
  (9, 4) 0.9400, 0.0301, 0.0018, 0.0199, 0.0014, 0.0028, 0.0027, 0.0006, 0.0000, 0.0007;
  (9, 5) 0.0079, 0.0364, 0.9400, 0.0111, 0.0034, 0.0002, 0.0007, 0.0003, 0.0000, 0.0000;
  (9, 6) 0.0287, 0.0312, 0.0000, 0.0000, 0.0001, 0.0000, 0.9400, 0.0000, 0.0000, 0.0000;
  (9, 7) 0.0261, 0.0302, 0.0014, 0.0018, 0.0000, 0.0002, 0.0002, 0.0001, 0.0000, 0.9400;
  (9, 8) 0.0272, 0.0062, 0.0193, 0.0001, 0.9400, 0.0035, 0.0027, 0.0001, 0.0006, 0.0003;
  (9, 9) 0.0253, 0.0084, 0.0018, 0.0151, 0.0078, 0.9400, 0.0010, 0.0000, 0.0003, 0.0003;
}

probability (column11) {
  table 0.1350, 0.1299, 0.0978, 0.3598, 0.1899, 0.0876;
}

probability (column12) {
  table 0.0959, 0.1324, 0.2065, 0.2302, 0.2328, 0.1022;
}

probability (column13) {
  table 0.0835, 0.2664, 0.1823, 0.2255, 0.0979, 0.1444;
}

probability (column14 | column11, column12, column13) {
  (0, 0, 0) 0.0057, 0.9400, 0.0216, 0.0218, 0.0109;
  (0, 0, 1) 0.0354, 0.0205, 0.0026, 0.9400, 0.0015;
  (0, 0, 2) 0.0128, 0.0359, 0.0013, 0.0100, 0.9400;
  (0, 0, 3) 0.9400, 0.0151, 0.0360, 0.0058, 0.0031;
  (0, 0, 4) 0.0536, 0.0014, 0.9400, 0.0016, 0.0034;
  (0, 0, 5) 0.0177, 0.9400, 0.0138, 0.0280, 0.0005;
  (0, 1, 0) 0.9400, 0.0523, 0.0036, 0.0004, 0.0037;
  (0, 1, 1) 0.0213, 0.0266, 0.0003, 0.0118, 0.9400;
  (0, 1, 2) 0.0030, 0.0017, 0.0109, 0.9400, 0.0444;
  (0, 1, 3) 0.0313, 0.0006, 0.9400, 0.0110, 0.0171;
  (0, 1, 4) 0.0045, 0.0157, 0.0338, 0.0060, 0.9400;
  (0, 1, 5) 0.0539, 0.0059, 0.9400, 0.0000, 0.0002;
  (0, 2, 0) 0.9400, 0.0063, 0.0197, 0.0157, 0.0183;
  (0, 2, 1) 0.0061, 0.0382, 0.0091, 0.9400, 0.0066;
  (0, 2, 2) 0.0275, 0.9400, 0.0034, 0.0044, 0.0247;
  (0, 2, 3) 0.9400, 0.0304, 0.0275, 0.0014, 0.0007;
  (0, 2, 4) 0.0360, 0.0066, 0.9400, 0.0066, 0.0108;
  (0, 2, 5) 0.0436, 0.0073, 0.0090, 0.9400, 0.0001;
  (0, 3, 0) 0.0248, 0.0145, 0.0097, 0.0110, 0.9400;
  (0, 3, 1) 0.0263, 0.9400, 0.0063, 0.0067, 0.0207;
  (0, 3, 2) 0.0177, 0.0185, 0.0225, 0.0013, 0.9400;
  (0, 3, 3) 0.9400, 0.0185, 0.0019, 0.0189, 0.0207;
  (0, 3, 4) 0.0554, 0.0043, 0.0001, 0.9400, 0.0002;
  (0, 3, 5) 0.0297, 0.9400, 0.0024, 0.0272, 0.0007;
  (0, 4, 0) 0.0560, 0.0032, 0.9400, 0.0006, 0.0002;
  (0, 4, 1) 0.0333, 0.0110, 0.0010, 0.0147, 0.9400;
  (0, 4, 2) 0.9400, 0.0038, 0.0504, 0.0036, 0.0022;
  (0, 4, 3) 0.0375, 0.0175, 0.0000, 0.9400, 0.0050;
  (0, 4, 4) 0.0520, 0.0052, 0.9400, 0.0014, 0.0014;
  (0, 4, 5) 0.0145, 0.9400, 0.0234, 0.0135, 0.0086;
  (0, 5, 0) 0.0520, 0.0036, 0.9400, 0.0020, 0.0024;
  (0, 5, 1) 0.9400, 0.0451, 0.0073, 0.0059, 0.0017;
  (0, 5, 2) 0.0229, 0.0281, 0.0089, 0.9400, 0.0001;
  (0, 5, 3) 0.0155, 0.0317, 0.0088, 0.0040, 0.9400;
