network unknown {
}
variable column1 {
  type discrete[15] { 0, 1, 2, 3, 4, 5, 6, 7, 8, 9, 10, 11, 12, 13, 14 };
}
variable column2 {
  type discrete[7] { 0, 1, 2, 3, 4, 5, 6 };
}
variable column3 {
  type discrete[5] { 0, 1, 2, 3, 4 };
}
variable column4 {
  type discrete[5] { 0, 1, 2, 3, 4 };
}
variable column5 {
  type discrete[3] { 0, 1, 2 };
}
variable column6 {
  type discrete[3] { 0, 1, 2 };
}
variable column7 {
  type discrete[4] { 0, 1, 2, 3 };
}
variable column8 {
  type discrete[2] { 0, 1 };
}
variable column9 {
  type discrete[3] { 0, 1, 2 };
}
variable column10 {
  type discrete[2] { 0, 1 };
}
variable column11 {
  type discrete[4] { 0, 1, 2, 3 };
}
variable column12 {
  type discrete[5] { 0, 1, 2, 3, 4 };
}
variable column13 {
  type discrete[5] { 0, 1, 2, 3, 4 };
}
variable column14 {
  type discrete[5] { 0, 1, 2, 3, 4 };
}
variable column15 {
  type discrete[5] { 0, 1, 2, 3, 4 };
}
variable column16 {
  type discrete[5] { 0, 1, 2, 3, 4 };
}
variable column17 {
  type discrete[5] { 0, 1, 2, 3, 4 };
}
variable column18 {
  type discrete[5] { 0, 1, 2, 3, 4 };
}
variable column19 {
  type discrete[5] { 0, 1, 2, 3, 4 };
}
variable column20 {
  type discrete[5] { 0, 1, 2, 3, 4 };
}

probability (column1) {
  table 0.0576, 0.0646, 0.0861, 0.0349, 0.0232, 0.0571, 0.1248, 0.0605, 0.0244, 0.0457, 0.0914, 0.0681, 0.1033, 0.0615, 0.0968;
}

probability (column2 | column1) {
  (0) 0.0068, 0.0113, 0.0600, 0.0087, 0.0083, 0.0049, 0.9000;
  (1) 0.0681, 0.0115, 0.0146, 0.0010, 0.0019, 0.9000, 0.0029;
  (2) 0.0165, 0.0064, 0.0183, 0.9000, 0.0581, 0.0000, 0.0007;
  (3) 0.0974, 0.9000, 0.0021, 0.0004, 0.0000, 0.0001, 0.0000;
  (4) 0.0564, 0.0306, 0.9000, 0.0037, 0.0071, 0.0008, 0.0014;
  (5) 0.0050, 0.0591, 0.0083, 0.0125, 0.9000, 0.0045, 0.0106;
  (6) 0.9000, 0.0023, 0.0276, 0.0009, 0.0456, 0.0165, 0.0071;
  (7) 0.0366, 0.0343, 0.0212, 0.0075, 0.0000, 0.0004, 0.9000;
  (8) 0.0856, 0.9000, 0.0141, 0.0002, 0.0001, 0.0000, 0.0000;
  (9) 0.0815, 0.0007, 0.0072, 0.9000, 0.0008, 0.0034, 0.0064;
  (10) 0.0937, 0.0004, 0.9000, 0.0026, 0.0016, 0.0007, 0.0010;
  (11) 0.9000, 0.0399, 0.0329, 0.0161, 0.0107, 0.0003, 0.0001;
  (12) 0.0497, 0.0402, 0.0072, 0.0023, 0.9000, 0.0003, 0.0003;
  (13) 0.0328, 0.0008, 0.0156, 0.0148, 0.0144, 0.9000, 0.0216;
  (14) 0.0178, 0.0168, 0.0384, 0.0088, 0.0025, 0.9000, 0.0157;
}

probability (column3) {
  table 0.1779, 0.1100, 0.3221, 0.2728, 0.1172;
}

probability (column4 | column3) {
  (0) 0.0492, 0.0281, 0.0166, 0.0061, 0.9000;
  (1) 0.0803, 0.9000, 0.0190, 0.0000, 0.0007;
  (2) 0.0745, 0.0128, 0.0091, 0.9000, 0.0036;
  (3) 0.9000, 0.0167, 0.0441, 0.0152, 0.0240;
  (4) 0.0205, 0.0001, 0.9000, 0.0158, 0.0636;
}

probability (column5) {
  table 0.2603, 0.3865, 0.3532;
}

probability (column6) {
  table 0.4434, 0.2102, 0.3464;
}

probability (column7 | column5, column6) {
  (0, 0) 0.9000, 0.0355, 0.0014, 0.0631;
  (0, 1) 0.0571, 0.9000, 0.0032, 0.0397;
  (0, 2) 0.0491, 0.0022, 0.9000, 0.0487;
  (1, 0) 0.0437, 0.0146, 0.0417, 0.9000;
  (1, 1) 0.0345, 0.0107, 0.9000, 0.0548;
  (1, 2) 0.0997, 0.0003, 0.0000, 0.9000;
  (2, 0) 0.9000, 0.0873, 0.0112, 0.0015;
  (2, 1) 0.0898, 0.9000, 0.0025, 0.0077;
  (2, 2) 0.9000, 0.0624, 0.0256, 0.0120;
}

probability (column8) {
  table 0.7540, 0.2460;
}

probability (column9) {
  table 0.2057, 0.2218, 0.5725;
}

probability (column10) {
  table 0.5391, 0.4609;
}

probability (column11 | column8, column9, column10) {
  (0, 0, 0) 0.0168, 0.0304, 0.9000, 0.0528;
  (0, 0, 1) 0.9000, 0.0203, 0.0106, 0.0691;
  (0, 1, 0) 0.0305, 0.0475, 0.0220, 0.9000;
  (0, 1, 1) 0.0269, 0.9000, 0.0156, 0.0575;
  (0, 2, 0) 0.0349, 0.9000, 0.0159, 0.0492;
  (0, 2, 1) 0.9000, 0.0269, 0.0095, 0.0636;
  (1, 0, 0) 0.0487, 0.0388, 0.0125, 0.9000;
  (1, 0, 1) 0.0564, 0.0299, 0.9000, 0.0137;
  (1, 1, 0) 0.9000, 0.0285, 0.0609, 0.0106;
  (1, 1, 1) 0.0304, 0.9000, 0.0135, 0.0561;
  (1, 2, 0) 0.0902, 0.0078, 0.9000, 0.0020;
  (1, 2, 1) 0.0068, 0.0113, 0.0819, 0.9000;
}

probability (column12 | column11) {
  (0) 0.2941, 0.5000, 0.0056, 0.0667, 0.1336;
  (1) 0.2978, 0.0710, 0.5000, 0.0429, 0.0883;
  (2) 0.3047, 0.0556, 0.1333, 0.5000, 0.0064;
  (3) 0.4461, 0.0528, 0.0004, 0.0007, 0.5000;
}

probability (column13 | column11) {
  (0) 0.0191, 0.1970, 0.0399, 0.2440, 0.5000;
  (1) 0.4063, 0.0761, 0.0015, 0.5000, 0.0161;
  (2) 0.5000, 0.3005, 0.0623, 0.1337, 0.0035;
  (3) 0.0787, 0.5000, 0.2290, 0.0174, 0.1749;
}

probability (column14 | column2) {
  (0) 0.1337, 0.5000, 0.1169, 0.2453, 0.0041;
  (1) 0.1359, 0.1189, 0.1402, 0.1050, 0.5000;
  (2) 0.2178, 0.1243, 0.1285, 0.5000, 0.0294;
  (3) 0.2015, 0.2955, 0.5000, 0.0005, 0.0025;
  (4) 0.5000, 0.1424, 0.0496, 0.0149, 0.2931;
  (5) 0.0979, 0.2425, 0.0337, 0.1259, 0.5000;
  (6) 0.0774, 0.2522, 0.0523, 0.5000, 0.1181;
}

probability (column15 | column2) {
  (0) 0.0878, 0.2271, 0.0365, 0.1486, 0.5000;
  (1) 0.3157, 0.1356, 0.0169, 0.5000, 0.0318;
  (2) 0.2908, 0.1215, 0.5000, 0.0791, 0.0086;
  (3) 0.5000, 0.1593, 0.1834, 0.0924, 0.0649;
  (4) 0.2979, 0.5000, 0.1947, 0.0025, 0.0049;
  (5) 0.2515, 0.5000, 0.0292, 0.1933, 0.0260;
  (6) 0.3977, 0.0218, 0.5000, 0.0095, 0.0710;
}

probability (column16 | column7) {
  (0) 0.0614, 0.3188, 0.0151, 0.1047, 0.5000;
  (1) 0.4968, 0.5000, 0.0026, 0.0003, 0.0003;
  (2) 0.5000, 0.0961, 0.1553, 0.1095, 0.1391;
  (3) 0.4097, 0.0476, 0.5000, 0.0390, 0.0037;
}

probability (column17 | column7) {
  (0) 0.4449, 0.0232, 0.5000, 0.0253, 0.0066;
  (1) 0.0148, 0.3576, 0.0594, 0.0682, 0.5000;
  (2) 0.5000, 0.3469, 0.0524, 0.0738, 0.0269;
  (3) 0.1114, 0.5000, 0.3152, 0.0166, 0.0568;
}

probability (column18 | column4) {
  (0) 0.4206, 0.0327, 0.0327, 0.0140, 0.5000;
  (1) 0.3530, 0.1288, 0.0031, 0.5000, 0.0151;
  (2) 0.5000, 0.1968, 0.2543, 0.0137, 0.0352;
  (3) 0.0238, 0.5000, 0.2107, 0.2644, 0.0011;
  (4) 0.2491, 0.2417, 0.5000, 0.0037, 0.0055;
}

probability (column19 | column4) {
  (0) 0.2446, 0.1414, 0.0828, 0.5000, 0.0312;
  (1) 0.0298, 0.5000, 0.0083, 0.0110, 0.4509;
  (2) 0.0132, 0.2537, 0.5000, 0.1698, 0.0633;
  (3) 0.3274, 0.0592, 0.0035, 0.1099, 0.5000;
  (4) 0.5000, 0.2501, 0.1945, 0.0253, 0.0301;
}

probability (column20) {
  table 0.2196, 0.2705, 0.1460, 0.2670, 0.0969;
}

