network unknown {
}
variable column1 {
  type discrete[400] { 0, 1, 2, 3, 4, 5, 6, 7, 8, 9, 10, 11, 12, 13, 14, 15, 16, 17, 18, 19, 20, 21, 22, 23, 24, 25, 26, 27, 28, 29, 30, 31, 32, 33, 34, 35, 36, 37, 38, 39, 40, 41, 42, 43, 44, 45, 46, 47, 48, 49, 50, 51, 52, 53, 54, 55, 56, 57, 58, 59, 60, 61, 62, 63, 64, 65, 66, 67, 68, 69, 70, 71, 72, 73, 74, 75, 76, 77, 78, 79, 80, 81, 82, 83, 84, 85, 86, 87, 88, 89, 90, 91, 92, 93, 94, 95, 96, 97, 98, 99, 100, 101, 102, 103, 104, 105, 106, 107, 108, 109, 110, 111, 112, 113, 114, 115, 116, 117, 118, 119, 120, 121, 122, 123, 124, 125, 126, 127, 128, 129, 130, 131, 132, 133, 134, 135, 136, 137, 138, 139, 140, 141, 142, 143, 144, 145, 146, 147, 148, 149, 150, 151, 152, 153, 154, 155, 156, 157, 158, 159, 160, 161, 162, 163, 164, 165, 166, 167, 168, 169, 170, 171, 172, 173, 174, 175, 176, 177, 178, 179, 180, 181, 182, 183, 184, 185, 186, 187, 188, 189, 190, 191, 192, 193, 194, 195, 196, 197, 198, 199, 200, 201, 202, 203, 204, 205, 206, 207, 208, 209, 210, 211, 212, 213, 214, 215, 216, 217, 218, 219, 220, 221, 222, 223, 224, 225, 226, 227, 228, 229, 230, 231, 232, 233, 234, 235, 236, 237, 238, 239, 240, 241, 242, 243, 244, 245, 246, 247, 248, 249, 250, 251, 252, 253, 254, 255, 256, 257, 258, 259, 260, 261, 262, 263, 264, 265, 266, 267, 268, 269, 270, 271, 272, 273, 274, 275, 276, 277, 278, 279, 280, 281, 282, 283, 284, 285, 286, 287, 288, 289, 290, 291, 292, 293, 294, 295, 296, 297, 298, 299, 300, 301, 302, 303, 304, 305, 306, 307, 308, 309, 310, 311, 312, 313, 314, 315, 316, 317, 318, 319, 320, 321, 322, 323, 324, 325, 326, 327, 328, 329, 330, 331, 332, 333, 334, 335, 336, 337, 338, 339, 340, 341, 342, 343, 344, 345, 346, 347, 348, 349, 350, 351, 352, 353, 354, 355, 356, 357, 358, 359, 360, 361, 362, 363, 364, 365, 366, 367, 368, 369, 370, 371, 372, 373, 374, 375, 376, 377, 378, 379, 380, 381, 382, 383, 384, 385, 386, 387, 388, 389, 390, 391, 392, 393, 394, 395, 396, 397, 398, 399 };
}
variable column2 {
  type discrete[7] { 0, 1, 2, 3, 4, 5, 6 };
}
variable column3 {
  type discrete[200] { 0, 1, 2, 3, 4, 5, 6, 7, 8, 9, 10, 11, 12, 13, 14, 15, 16, 17, 18, 19, 20, 21, 22, 23, 24, 25, 26, 27, 28, 29, 30, 31, 32, 33, 34, 35, 36, 37, 38, 39, 40, 41, 42, 43, 44, 45, 46, 47, 48, 49, 50, 51, 52, 53, 54, 55, 56, 57, 58, 59, 60, 61, 62, 63, 64, 65, 66, 67, 68, 69, 70, 71, 72, 73, 74, 75, 76, 77, 78, 79, 80, 81, 82, 83, 84, 85, 86, 87, 88, 89, 90, 91, 92, 93, 94, 95, 96, 97, 98, 99, 100, 101, 102, 103, 104, 105, 106, 107, 108, 109, 110, 111, 112, 113, 114, 115, 116, 117, 118, 119, 120, 121, 122, 123, 124, 125, 126, 127, 128, 129, 130, 131, 132, 133, 134, 135, 136, 137, 138, 139, 140, 141, 142, 143, 144, 145, 146, 147, 148, 149, 150, 151, 152, 153, 154, 155, 156, 157, 158, 159, 160, 161, 162, 163, 164, 165, 166, 167, 168, 169, 170, 171, 172, 173, 174, 175, 176, 177, 178, 179, 180, 181, 182, 183, 184, 185, 186, 187, 188, 189, 190, 191, 192, 193, 194, 195, 196, 197, 198, 199 };
}
variable column4 {
  type discrete[200] { 0, 1, 2, 3, 4, 5, 6, 7, 8, 9, 10, 11, 12, 13, 14, 15, 16, 17, 18, 19, 20, 21, 22, 23, 24, 25, 26, 27, 28, 29, 30, 31, 32, 33, 34, 35, 36, 37, 38, 39, 40, 41, 42, 43, 44, 45, 46, 47, 48, 49, 50, 51, 52, 53, 54, 55, 56, 57, 58, 59, 60, 61, 62, 63, 64, 65, 66, 67, 68, 69, 70, 71, 72, 73, 74, 75, 76, 77, 78, 79, 80, 81, 82, 83, 84, 85, 86, 87, 88, 89, 90, 91, 92, 93, 94, 95, 96, 97, 98, 99, 100, 101, 102, 103, 104, 105, 106, 107, 108, 109, 110, 111, 112, 113, 114, 115, 116, 117, 118, 119, 120, 121, 122, 123, 124, 125, 126, 127, 128, 129, 130, 131, 132, 133, 134, 135, 136, 137, 138, 139, 140, 141, 142, 143, 144, 145, 146, 147, 148, 149, 150, 151, 152, 153, 154, 155, 156, 157, 158, 159, 160, 161, 162, 163, 164, 165, 166, 167, 168, 169, 170, 171, 172, 173, 174, 175, 176, 177, 178, 179, 180, 181, 182, 183, 184, 185, 186, 187, 188, 189, 190, 191, 192, 193, 194, 195, 196, 197, 198, 199 };
}
variable column5 {
  type discrete[20] { 0, 1, 2, 3, 4, 5, 6, 7, 8, 9, 10, 11, 12, 13, 14, 15, 16, 17, 18, 19 };
}
variable column6 {
  type discrete[10] { 0, 1, 2, 3, 4, 5, 6, 7, 8, 9 };
}
variable column7 {
  type discrete[6] { 0, 1, 2, 3, 4, 5 };
}
variable column8 {
  type discrete[6] { 0, 1, 2, 3, 4, 5 };
}
variable column9 {
  type discrete[8] { 0, 1, 2, 3, 4, 5, 6, 7 };
}
variable column10 {
  type discrete[6] { 0, 1, 2, 3, 4, 5 };
}
variable column11 {
  type discrete[7] { 0, 1, 2, 3, 4, 5, 6 };
}
variable column12 {
  type discrete[5] { 0, 1, 2, 3, 4 };
}
variable column13 {
  type discrete[5] { 0, 1, 2, 3, 4 };
}
variable column14 {
  type discrete[5] { 0, 1, 2, 3, 4 };
}
variable column15 {
  type discrete[5] { 0, 1, 2, 3, 4 };
}
variable column16 {
  type discrete[5] { 0, 1, 2, 3, 4 };
}
variable column17 {
  type discrete[5] { 0, 1, 2, 3, 4 };
}
variable column18 {
  type discrete[5] { 0, 1, 2, 3, 4 };
}
variable column19 {
  type discrete[5] { 0, 1, 2, 3, 4 };
}
variable column20 {
  type discrete[5] { 0, 1, 2, 3, 4 };
}

probability (column1) {
  table 0.0033, 0.0021, 0.0046, 0.0023, 0.0021, 0.0013, 0.0048, 0.0045, 0.0022, 0.0030, 0.0026, 0.0013, 0.0013, 0.0026, 0.0020, 0.0018, 0.0018, 0.0035, 0.0031, 0.0024, 0.0028, 0.0034, 0.0015, 0.0014, 0.0040, 0.0019, 0.0010, 0.0038, 0.0005, 0.0019, 0.0014, 0.0015, 0.0016, 0.0024, 0.0024, 0.0036, 0.0023, 0.0025, 0.0015, 0.0016, 0.0018, 0.0028, 0.0021, 0.0023, 0.0016, 0.0058, 0.0008, 0.0040, 0.0007, 0.0016, 0.0009, 0.0026, 0.0035, 0.0042, 0.0035, 0.0031, 0.0027, 0.0027, 0.0028, 0.0016, 0.0064, 0.0018, 0.0022, 0.0017, 0.0061, 0.0022, 0.0017, 0.0018, 0.0042, 0.0006, 0.0023, 0.0026, 0.0045, 0.0010, 0.0009, 0.0031, 0.0022, 0.0054, 0.0037, 0.0016, 0.0032, 0.0025, 0.0050, 0.0021, 0.0022, 0.0022, 0.0025, 0.0021, 0.0030, 0.0018, 0.0054, 0.0005, 0.0029, 0.0027, 0.0014, 0.0029, 0.0018, 0.0019, 0.0018, 0.0029, 0.0021, 0.0039, 0.0061, 0.0024, 0.0040, 0.0017, 0.0043, 0.0045, 0.0048, 0.0028, 0.0023, 0.0022, 0.0021, 0.0032, 0.0029, 0.0029, 0.0017, 0.0014, 0.0043, 0.0028, 0.0021, 0.0008, 0.0008, 0.0021, 0.0031, 0.0022, 0.0028, 0.0016, 0.0028, 0.0007, 0.0014, 0.0016, 0.0022, 0.0007, 0.0030, 0.0024, 0.0043, 0.0015, 0.0019, 0.0055, 0.0020, 0.0032, 0.0031, 0.0013, 0.0017, 0.0034, 0.0012, 0.0039, 0.0023, 0.0026, 0.0020, 0.0024, 0.0030, 0.0025, 0.0028, 0.0030, 0.0015, 0.0042, 0.0012, 0.0021, 0.0014, 0.0038, 0.0018, 0.0054, 0.0016, 0.0036, 0.0030, 0.0011, 0.0021, 0.0032, 0.0009, 0.0017, 0.0013, 0.0011, 0.0016, 0.0031, 0.0021, 0.0012, 0.0027, 0.0011, 0.0034, 0.0015, 0.0027, 0.0022, 0.0022, 0.0009, 0.0030, 0.0020, 0.0054, 0.0018, 0.0027, 0.0015, 0.0016, 0.0011, 0.0018, 0.0023, 0.0024, 0.0017, 0.0024, 0.0030, 0.0012, 0.0040, 0.0018, 0.0049, 0.0011, 0.0026, 0.0016, 0.0048, 0.0025, 0.0025, 0.0041, 0.0021, 0.0024, 0.0032, 0.0038, 0.0031, 0.0021, 0.0027, 0.0008, 0.0020, 0.0028, 0.0012, 0.0006, 0.0031, 0.0011, 0.0014, 0.0034, 0.0034, 0.0040, 0.0029, 0.0012, 0.0029, 0.0038, 0.0033, 0.0023, 0.0041, 0.0008, 0.0026, 0.0022, 0.0014, 0.0023, 0.0017, 0.0020, 0.0038, 0.0006, 0.0030, 0.0023, 0.0021, 0.0034, 0.0017, 0.0011, 0.0014, 0.0015, 0.0031, 0.0023, 0.0024, 0.0026, 0.0022, 0.0028, 0.0024, 0.0019, 0.0029, 0.0015, 0.0026, 0.0023, 0.0018, 0.0047, 0.0031, 0.0030, 0.0009, 0.0019, 0.0025, 0.0016, 0.0024, 0.0026, 0.0022, 0.0027, 0.0048, 0.0023, 0.0020, 0.0023, 0.0052, 0.0018, 0.0017, 0.0015, 0.0020, 0.0049, 0.0025, 0.0025, 0.0032, 0.0019, 0.0030, 0.0028, 0.0037, 0.0029, 0.0021, 0.0033, 0.0019, 0.0015, 0.0025, 0.0044, 0.0012, 0.0026, 0.0018, 0.0062, 0.0021, 0.0015, 0.0023, 0.0022, 0.0003, 0.0031, 0.0023, 0.0014, 0.0034, 0.0031, 0.0022, 0.0041, 0.0020, 0.0026, 0.0027, 0.0018, 0.0010, 0.0037, 0.0014, 0.0014, 0.0008, 0.0031, 0.0019, 0.0032, 0.0031, 0.0015, 0.0024, 0.0024, 0.0016, 0.0030, 0.0021, 0.0024, 0.0022, 0.0015, 0.0015, 0.0042, 0.0008, 0.0017, 0.0021, 0.0026, 0.0036, 0.0037, 0.0032, 0.0038, 0.0023, 0.0038, 0.0038, 0.0022, 0.0040, 0.0029, 0.0040, 0.0021, 0.0029, 0.0052, 0.0036, 0.0046, 0.0021, 0.0022, 0.0022, 0.0017, 0.0017, 0.0023, 0.0011, 0.0020, 0.0009, 0.0017, 0.0032, 0.0024, 0.0021, 0.0024, 0.0021, 0.0051, 0.0015, 0.0024, 0.0047, 0.0033, 0.0029, 0.0011, 0.0018, 0.0003, 0.0019, 0.0053, 0.0017, 0.0023, 0.0024, 0.0022, 0.0019, 0.0021, 0.0011, 0.0031, 0.0018, 0.0012, 0.0061, 0.0019, 0.0036;
}

probability (column2 | column1) {
  (0) 0.0015, 0.0132, 0.0337, 0.0168, 0.0070, 0.9000, 0.0278;
  (1) 0.9000, 0.0991, 0.0003, 0.0000, 0.0001, 0.0001, 0.0004;
  (2) 0.0886, 0.9000, 0.0091, 0.0001, 0.0015, 0.0001, 0.0006;
  (3) 0.0208, 0.0137, 0.0025, 0.0412, 0.0150, 0.0068, 0.9000;
  (4) 0.0382, 0.0130, 0.0377, 0.0102, 0.9000, 0.0008, 0.0001;
  (5) 0.0732, 0.0007, 0.0023, 0.9000, 0.0165, 0.0030, 0.0043;
  (6) 0.0134, 0.0706, 0.9000, 0.0096, 0.0048, 0.0007, 0.0009;
  (7) 0.0009, 0.9000, 0.0696, 0.0250, 0.0023, 0.0004, 0.0018;
  (8) 0.0138, 0.0161, 0.0688, 0.0003, 0.9000, 0.0009, 0.0001;
  (9) 0.0042, 0.0046, 0.0883, 0.9000, 0.0005, 0.0011, 0.0013;
  (10) 0.0520, 0.0059, 0.0366, 0.0014, 0.0018, 0.9000, 0.0023;
  (11) 0.9000, 0.0961, 0.0016, 0.0019, 0.0004, 0.0000, 0.0000;
  (12) 0.0546, 0.0397, 0.9000, 0.0036, 0.0011, 0.0005, 0.0005;
  (13) 0.0163, 0.0527, 0.0236, 0.0049, 0.0022, 0.0003, 0.9000;
  (14) 0.0612, 0.0108, 0.0269, 0.0010, 0.0001, 0.9000, 0.0000;
  (15) 0.0507, 0.0486, 0.0006, 0.0000, 0.0001, 0.0000, 0.9000;
  (16) 0.0728, 0.0051, 0.0080, 0.0072, 0.9000, 0.0038, 0.0031;
  (17) 0.0595, 0.9000, 0.0247, 0.0054, 0.0103, 0.0001, 0.0000;
  (18) 0.9000, 0.0661, 0.0239, 0.0090, 0.0003, 0.0006, 0.0001;
  (19) 0.0733, 0.0029, 0.9000, 0.0123, 0.0112, 0.0003, 0.0000;
  (20) 0.0172, 0.0333, 0.0131, 0.9000, 0.0327, 0.0035, 0.0002;
  (21) 0.0492, 0.0209, 0.0008, 0.9000, 0.0102, 0.0016, 0.0173;
  (22) 0.9000, 0.0510, 0.0369, 0.0022, 0.0069, 0.0017, 0.0013;
  (23) 0.0419, 0.0125, 0.9000, 0.0217, 0.0019, 0.0210, 0.0010;
  (24) 0.0121, 0.0065, 0.0707, 0.0022, 0.0041, 0.0044, 0.9000;
  (25) 0.0883, 0.0098, 0.0012, 0.0004, 0.0003, 0.9000, 0.0000;
  (26) 0.0800, 0.0083, 0.0026, 0.0016, 0.9000, 0.0062, 0.0013;
  (27) 0.0884, 0.9000, 0.0024, 0.0007, 0.0060, 0.0010, 0.0015;
  (28) 0.0768, 0.0084, 0.9000, 0.0075, 0.0009, 0.0022, 0.0042;
  (29) 0.0574, 0.0076, 0.0234, 0.0061, 0.9000, 0.0047, 0.0008;
  (30) 0.0417, 0.0049, 0.0345, 0.9000, 0.0117, 0.0063, 0.0009;
  (31) 0.9000, 0.0562, 0.0232, 0.0103, 0.0027, 0.0004, 0.0072;
  (32) 0.0976, 0.0020, 0.0001, 0.0002, 0.0000, 0.9000, 0.0001;
  (33) 0.0242, 0.0260, 0.0012, 0.0338, 0.0035, 0.0113, 0.9000;
  (34) 0.0441, 0.9000, 0.0466, 0.0034, 0.0001, 0.0004, 0.0054;
  (35) 0.0108, 0.9000, 0.0483, 0.0375, 0.0000, 0.0033, 0.0001;
  (36) 0.0601, 0.0050, 0.0327, 0.9000, 0.0005, 0.0013, 0.0004;
  (37) 0.9000, 0.0413, 0.0341, 0.0105, 0.0064, 0.0001, 0.0076;
  (38) 0.0505, 0.0081, 0.0035, 0.0222, 0.9000, 0.0069, 0.0088;
  (39) 0.0400, 0.0206, 0.0089, 0.0267, 0.0021, 0.9000, 0.0017;
  (40) 0.0095, 0.0585, 0.9000, 0.0154, 0.0115, 0.0014, 0.0037;
  (41) 0.0440, 0.0123, 0.0260, 0.0013, 0.0091, 0.0073, 0.9000;
  (42) 0.0472, 0.0244, 0.0022, 0.9000, 0.0098, 0.0150, 0.0014;
  (43) 0.0004, 0.0677, 0.0178, 0.0094, 0.9000, 0.0009, 0.0038;
  (44) 0.0031, 0.0139, 0.9000, 0.0431, 0.0130, 0.0100, 0.0169;
  (45) 0.9000, 0.0649, 0.0142, 0.0038, 0.0013, 0.0099, 0.0059;
  (46) 0.0479, 0.0435, 0.0085, 0.0001, 0.0000, 0.0000, 0.9000;
  (47) 0.0378, 0.0343, 0.0223, 0.0052, 0.0001, 0.9000, 0.0003;
  (48) 0.0198, 0.9000, 0.0625, 0.0044, 0.0015, 0.0009, 0.0109;
  (49) 0.9000, 0.0224, 0.0541, 0.0015, 0.0090, 0.0061, 0.0069;
  (50) 0.0217, 0.0050, 0.0227, 0.0500, 0.0002, 0.9000, 0.0004;
  (51) 0.0111, 0.9000, 0.0649, 0.0127, 0.0092, 0.0012, 0.0009;
  (52) 0.0254, 0.0307, 0.0071, 0.0055, 0.9000, 0.0162, 0.0151;
  (53) 0.0055, 0.0181, 0.9000, 0.0070, 0.0052, 0.0138, 0.0504;
  (54) 0.0871, 0.0011, 0.0005, 0.9000, 0.0026, 0.0059, 0.0028;
  (55) 0.0656, 0.0320, 0.0013, 0.0005, 0.0006, 0.0000, 0.9000;
  (56) 0.9000, 0.0059, 0.0079, 0.0109, 0.0127, 0.0619, 0.0007;
  (57) 0.0814, 0.0070, 0.9000, 0.0086, 0.0028, 0.0000, 0.0002;
  (58) 0.0467, 0.0211, 0.0248, 0.0038, 0.0028, 0.9000, 0.0008;
  (59) 0.0378, 0.0084, 0.0193, 0.0052, 0.9000, 0.0225, 0.0068;
  (60) 0.0421, 0.0123, 0.0342, 0.0056, 0.0057, 0.0001, 0.9000;
  (61) 0.0251, 0.9000, 0.0379, 0.0315, 0.0007, 0.0027, 0.0021;
  (62) 0.0621, 0.0284, 0.0020, 0.9000, 0.0074, 0.0000, 0.0001;
  (63) 0.0206, 0.0211, 0.9000, 0.0200, 0.0178, 0.0032, 0.0173;
  (64) 0.0505, 0.0264, 0.0133, 0.0075, 0.0012, 0.0011, 0.9000;
  (65) 0.0092, 0.0292, 0.0126, 0.0411, 0.9000, 0.0036, 0.0043;
  (66) 0.0784, 0.0017, 0.0018, 0.0004, 0.0129, 0.9000, 0.0048;
  (67) 0.0367, 0.9000, 0.0089, 0.0309, 0.0063, 0.0074, 0.0098;
  (68) 0.0389, 0.0467, 0.0041, 0.9000, 0.0051, 0.0025, 0.0027;
  (69) 0.9000, 0.0374, 0.0162, 0.0434, 0.0023, 0.0005, 0.0002;
  (70) 0.0014, 0.0761, 0.0169, 0.0023, 0.0023, 0.9000, 0.0010;
  (71) 0.9000, 0.0062, 0.0510, 0.0232, 0.0192, 0.0002, 0.0002;
  (72) 0.0041, 0.0865, 0.0040, 0.0051, 0.9000, 0.0001, 0.0002;
  (73) 0.0124, 0.0617, 0.0033, 0.0067, 0.0140, 0.0019, 0.9000;
  (74) 0.0634, 0.0045, 0.0116, 0.9000, 0.0093, 0.0097, 0.0015;
  (75) 0.0753, 0.9000, 0.0174, 0.0066, 0.0003, 0.0000, 0.0004;
  (76) 0.0511, 0.0274, 0.9000, 0.0140, 0.0036, 0.0009, 0.0030;
  (77) 0.0093, 0.9000, 0.0559, 0.0264, 0.0043, 0.0006, 0.0035;
  (78) 0.0066, 0.0575, 0.9000, 0.0128, 0.0200, 0.0010, 0.0021;
  (79) 0.9000, 0.0901, 0.0058, 0.0015, 0.0004, 0.0014, 0.0008;
  (80) 0.0690, 0.0052, 0.0011, 0.0094, 0.0067, 0.9000, 0.0086;
  (81) 0.0938, 0.0022, 0.0030, 0.0008, 0.0001, 0.0001, 0.9000;
  (82) 0.0992, 0.0002, 0.0006, 0.9000, 0.0000, 0.0000, 0.0000;
  (83) 0.0194, 0.0806, 0.0000, 0.0000, 0.9000, 0.0000, 0.0000;
  (84) 0.0297, 0.0095, 0.0199, 0.9000, 0.0231, 0.0144, 0.0034;
  (85) 0.0390, 0.9000, 0.0199, 0.0326, 0.0043, 0.0040, 0.0002;
  (86) 0.0270, 0.0133, 0.0448, 0.0108, 0.0013, 0.9000, 0.0028;
  (87) 0.0971, 0.0016, 0.0007, 0.0006, 0.0000, 0.0000, 0.9000;
  (88) 0.0623, 0.0321, 0.9000, 0.0054, 0.0001, 0.0001, 0.0000;
  (89) 0.0849, 0.0134, 0.0015, 0.0001, 0.9000, 0.0001, 0.0000;
  (90) 0.9000, 0.0682, 0.0008, 0.0175, 0.0060, 0.0060, 0.0015;
  (91) 0.9000, 0.0930, 0.0009, 0.0006, 0.0039, 0.0004, 0.0012;
  (92) 0.0399, 0.9000, 0.0579, 0.0002, 0.0001, 0.0019, 0.0000;
  (93) 0.0300, 0.0663, 0.0034, 0.9000, 0.0001, 0.0002, 0.0000;
  (94) 0.0221, 0.0618, 0.0071, 0.0027, 0.9000, 0.0038, 0.0025;
  (95) 0.0121, 0.0076, 0.9000, 0.0718, 0.0062, 0.0002, 0.0021;
  (96) 0.0622, 0.0224, 0.0095, 0.0006, 0.0031, 0.0022, 0.9000;
  (97) 0.0982, 0.0014, 0.0003, 0.0000, 0.0001, 0.9000, 0.0000;
  (98) 0.9000, 0.0115, 0.0552, 0.0324, 0.0008, 0.0001, 0.0000;
  (99) 0.0941, 0.0004, 0.0038, 0.0016, 0.9000, 0.0001, 0.0000;
  (100) 0.0345, 0.9000, 0.0623, 0.0019, 0.0011, 0.0001, 0.0001;
  (101) 0.0904, 0.0027, 0.9000, 0.0033, 0.0019, 0.0012, 0.0005;
  (102) 0.0613, 0.0106, 0.0071, 0.0161, 0.0040, 0.9000, 0.0009;
  (103) 0.0748, 0.0143, 0.0022, 0.0066, 0.0006, 0.0015, 0.9000;
  (104) 0.0802, 0.0029, 0.0127, 0.9000, 0.0008, 0.0033, 0.0001;
  (105) 0.9000, 0.0004, 0.0957, 0.0017, 0.0010, 0.0008, 0.0004;
  (106) 0.0450, 0.0233, 0.0283, 0.0008, 0.0016, 0.9000, 0.0010;
  (107) 0.0071, 0.0578, 0.0058, 0.0013, 0.9000, 0.0040, 0.0240;
  (108) 0.0309, 0.0406, 0.9000, 0.0081, 0.0160, 0.0031, 0.0013;
  (109) 0.0260, 0.0180, 0.0246, 0.0020, 0.0221, 0.0073, 0.9000;
  (110) 0.0897, 0.0052, 0.0014, 0.9000, 0.0000, 0.0021, 0.0016;
  (111) 0.0521, 0.9000, 0.0284, 0.0057, 0.0002, 0.0025, 0.0111;
  (112) 0.0986, 0.0011, 0.0001, 0.0001, 0.9000, 0.0001, 0.0000;
  (113) 0.0034, 0.0359, 0.0517, 0.0025, 0.0018, 0.9000, 0.0047;
  (114) 0.0988, 0.0004, 0.0002, 0.0003, 0.0001, 0.0002, 0.9000;
  (115) 0.0644, 0.0243, 0.9000, 0.0062, 0.0014, 0.0004, 0.0033;
  (116) 0.0231, 0.9000, 0.0045, 0.0166, 0.0382, 0.0166, 0.0010;
  (117) 0.0022, 0.0348, 0.0001, 0.9000, 0.0352, 0.0178, 0.0099;
  (118) 0.9000, 0.0781, 0.0157, 0.0025, 0.0019, 0.0007, 0.0011;
  (119) 0.0040, 0.0521, 0.9000, 0.0025, 0.0399, 0.0001, 0.0014;
  (120) 0.0073, 0.0699, 0.0177, 0.0033, 0.0001, 0.0017, 0.9000;
  (121) 0.0586, 0.9000, 0.0146, 0.0261, 0.0002, 0.0003, 0.0002;
  (122) 0.0657, 0.0219, 0.0084, 0.9000, 0.0029, 0.0000, 0.0011;
  (123) 0.0070, 0.0198, 0.0475, 0.0188, 0.9000, 0.0002, 0.0067;
  (124) 0.0902, 0.0049, 0.0043, 0.0002, 0.0004, 0.9000, 0.0000;
  (125) 0.9000, 0.0431, 0.0323, 0.0077, 0.0125, 0.0007, 0.0037;
  (126) 0.0456, 0.0220, 0.9000, 0.0190, 0.0100, 0.0007, 0.0027;
  (127) 0.0450, 0.9000, 0.0542, 0.0003, 0.0004, 0.0000, 0.0001;
  (128) 0.9000, 0.0506, 0.0076, 0.0230, 0.0156, 0.0007, 0.0025;
  (129) 0.0489, 0.0121, 0.0241, 0.9000, 0.0085, 0.0016, 0.0048;
  (130) 0.0426, 0.0233, 0.0302, 0.0035, 0.0004, 0.0000, 0.9000;
  (131) 0.0306, 0.0503, 0.0074, 0.0037, 0.0025, 0.9000, 0.0055;
  (132) 0.0817, 0.0011, 0.0046, 0.0035, 0.9000, 0.0039, 0.0052;
  (133) 0.0522, 0.0208, 0.0000, 0.0169, 0.9000, 0.0055, 0.0046;
  (134) 0.0003, 0.0858, 0.0126, 0.0011, 0.0001, 0.9000, 0.0001;
  (135) 0.0267, 0.9000, 0.0125, 0.0556, 0.0000, 0.0036, 0.0016;
  (136) 0.0915, 0.0018, 0.9000, 0.0006, 0.0050, 0.0009, 0.0002;
  (137) 0.0270, 0.0356, 0.0132, 0.9000, 0.0205, 0.0004, 0.0033;
  (138) 0.9000, 0.0872, 0.0082, 0.0016, 0.0018, 0.0010, 0.0002;
  (139) 0.0147, 0.0302, 0.0131, 0.0223, 0.0186, 0.0011, 0.9000;
  (140) 0.0058, 0.9000, 0.0579, 0.0298, 0.0029, 0.0032, 0.0004;
  (141) 0.0263, 0.0552, 0.0084, 0.0075, 0.0025, 0.9000, 0.0001;
  (142) 0.9000, 0.0780, 0.0183, 0.0026, 0.0010, 0.0001, 0.0000;
  (143) 0.0599, 0.0373, 0.0006, 0.0017, 0.9000, 0.0004, 0.0001;
  (144) 0.0254, 0.0227, 0.0479, 0.0010, 0.0013, 0.0017, 0.9000;
  (145) 0.0320, 0.0224, 0.0042, 0.9000, 0.0248, 0.0093, 0.0073;
  (146) 0.0743, 0.0157, 0.9000, 0.0073, 0.0016, 0.0001, 0.0010;
  (147) 0.0522, 0.0452, 0.0006, 0.0008, 0.9000, 0.0011, 0.0001;
  (148) 0.0052, 0.0448, 0.0369, 0.9000, 0.0004, 0.0068, 0.0059;
  (149) 0.9000, 0.0705, 0.0022, 0.0138, 0.0080, 0.0017, 0.0038;
  (150) 0.0268, 0.0665, 0.9000, 0.0048, 0.0014, 0.0003, 0.0002;
  (151) 0.0902, 0.9000, 0.0074, 0.0007, 0.0002, 0.0014, 0.0001;
  (152) 0.0770, 0.0147, 0.0047, 0.0014, 0.0003, 0.9000, 0.0019;
  (153) 0.0031, 0.0923, 0.0020, 0.0023, 0.0000, 0.0003, 0.9000;
  (154) 0.9000, 0.0054, 0.0322, 0.0529, 0.0038, 0.0040, 0.0017;
  (155) 0.0284, 0.0536, 0.0137, 0.0023, 0.9000, 0.0020, 0.0000;
  (156) 0.0286, 0.0243, 0.9000, 0.0051, 0.0020, 0.0212, 0.0188;
  (157) 0.0014, 0.9000, 0.0462, 0.0171, 0.0053, 0.0228, 0.0072;
  (158) 0.0077, 0.0205, 0.0377, 0.0134, 0.0073, 0.9000, 0.0134;
  (159) 0.0103, 0.0655, 0.0055, 0.0000, 0.0079, 0.0108, 0.9000;
  (160) 0.0822, 0.0164, 0.0005, 0.9000, 0.0004, 0.0004, 0.0001;
  (161) 0.9000, 0.0833, 0.0098, 0.0024, 0.0026, 0.0018, 0.0001;
  (162) 0.0113, 0.0508, 0.0377, 0.0001, 0.0001, 0.0000, 0.9000;
  (163) 0.0880, 0.0032, 0.0012, 0.9000, 0.0002, 0.0034, 0.0040;
  (164) 0.0355, 0.0280, 0.9000, 0.0073, 0.0002, 0.0027, 0.0263;
  (165) 0.0289, 0.0308, 0.0026, 0.0032, 0.0221, 0.9000, 0.0124;
  (166) 0.0415, 0.9000, 0.0000, 0.0158, 0.0302, 0.0028, 0.0097;
  (167) 0.0672, 0.0102, 0.0150, 0.0001, 0.9000, 0.0022, 0.0053;
  (168) 0.0794, 0.0097, 0.0072, 0.0027, 0.0008, 0.0002, 0.9000;
  (169) 0.0717, 0.0166, 0.0103, 0.9000, 0.0009, 0.0003, 0.0002;
  (170) 0.0326, 0.0228, 0.0242, 0.0130, 0.9000, 0.0051, 0.0023;
  (171) 0.0324, 0.9000, 0.0569, 0.0004, 0.0029, 0.0054, 0.0020;
  (172) 0.0228, 0.0555, 0.9000, 0.0046, 0.0031, 0.0007, 0.0133;
  (173) 0.0409, 0.0119, 0.0290, 0.0175, 0.0007, 0.9000, 0.0000;
  (174) 0.9000, 0.0687, 0.0023, 0.0011, 0.0207, 0.0009, 0.0063;
  (175) 0.0765, 0.0146, 0.9000, 0.0039, 0.0040, 0.0008, 0.0002;
  (176) 0.0167, 0.0195, 0.0597, 0.9000, 0.0017, 0.0002, 0.0022;
  (177) 0.0627, 0.0032, 0.0300, 0.0009, 0.0000, 0.9000, 0.0032;
  (178) 0.0394, 0.0198, 0.0136, 0.0259, 0.0006, 0.0007, 0.9000;
  (179) 0.9000, 0.0405, 0.0495, 0.0040, 0.0019, 0.0004, 0.0037;
  (180) 0.0770, 0.9000, 0.0052, 0.0004, 0.0142, 0.0003, 0.0029;
  (181) 0.0460, 0.0491, 0.0038, 0.0002, 0.9000, 0.0001, 0.0008;
  (182) 0.9000, 0.0262, 0.0217, 0.0353, 0.0032, 0.0108, 0.0028;
  (183) 0.0031, 0.0016, 0.9000, 0.0602, 0.0087, 0.0236, 0.0028;
  (184) 0.0385, 0.0581, 0.0017, 0.0006, 0.9000, 0.0005, 0.0006;
  (185) 0.0625, 0.9000, 0.0299, 0.0012, 0.0037, 0.0013, 0.0014;
  (186) 0.0645, 0.0225, 0.0066, 0.0028, 0.0013, 0.0023, 0.9000;
  (187) 0.0142, 0.0635, 0.0155, 0.9000, 0.0064, 0.0000, 0.0004;
  (188) 0.0569, 0.0217, 0.0188, 0.0014, 0.0000, 0.9000, 0.0012;
  (189) 0.0748, 0.0043, 0.0104, 0.0070, 0.0005, 0.0030, 0.9000;
  (190) 0.0910, 0.0028, 0.0056, 0.9000, 0.0005, 0.0000, 0.0001;
  (191) 0.9000, 0.0965, 0.0016, 0.0011, 0.0004, 0.0004, 0.0000;
  (192) 0.0773, 0.0105, 0.9000, 0.0076, 0.0010, 0.0020, 0.0016;
  (193) 0.0378, 0.0416, 0.0058, 0.0048, 0.0020, 0.9000, 0.0080;
  (194) 0.0917, 0.0034, 0.0046, 0.0002, 0.9000, 0.0000, 0.0001;
  (195) 0.0201, 0.9000, 0.0139, 0.0463, 0.0027, 0.0023, 0.0147;
  (196) 0.0702, 0.0036, 0.0078, 0.9000, 0.0138, 0.0044, 0.0002;
  (197) 0.9000, 0.0966, 0.0030, 0.0004, 0.0000, 0.0000, 0.0000;
  (198) 0.0226, 0.0678, 0.0013, 0.0016, 0.0038, 0.0029, 0.9000;
  (199) 0.0077, 0.9000, 0.0554, 0.0175, 0.0060, 0.0002, 0.0132;
  (200) 0.0259, 0.0502, 0.0073, 0.0021, 0.0127, 0.9000, 0.0018;
  (201) 0.0669, 0.0291, 0.0037, 0.0000, 0.9000, 0.0003, 0.0000;
  (202) 0.0830, 0.0038, 0.9000, 0.0028, 0.0062, 0.0015, 0.0027;
  (203) 0.0861, 0.0120, 0.0018, 0.0001, 0.0000, 0.9000, 0.0000;
  (204) 0.0668, 0.0091, 0.0026, 0.9000, 0.0174, 0.0037, 0.0004;
  (205) 0.0085, 0.0709, 0.0195, 0.0010, 0.0000, 0.0001, 0.9000;
  (206) 0.0372, 0.0346, 0.0166, 0.0006, 0.9000, 0.0092, 0.0018;
  (207) 0.0455, 0.0173, 0.9000, 0.0335, 0.0008, 0.0010, 0.0019;
  (208) 0.0067, 0.9000, 0.0493, 0.0211, 0.0028, 0.0037, 0.0164;
  (209) 0.9000, 0.0690, 0.0197, 0.0105, 0.0003, 0.0001, 0.0004;
  (210) 0.0231, 0.0524, 0.0169, 0.0046, 0.0007, 0.0023, 0.9000;
  (211) 0.0706, 0.0193, 0.0020, 0.0043, 0.9000, 0.0010, 0.0028;
  (212) 0.0551, 0.9000, 0.0115, 0.0146, 0.0126, 0.0030, 0.0032;
  (213) 0.0291, 0.0321, 0.0348, 0.9000, 0.0021, 0.0016, 0.0003;
  (214) 0.9000, 0.0258, 0.0090, 0.0068, 0.0171, 0.0137, 0.0276;
  (215) 0.0738, 0.0257, 0.9000, 0.0004, 0.0001, 0.0000, 0.0000;
  (216) 0.0178, 0.0720, 0.0101, 0.0000, 0.0001, 0.9000, 0.0000;
  (217) 0.0849, 0.0000, 0.0089, 0.9000, 0.0040, 0.0013, 0.0009;
  (218) 0.0491, 0.0036, 0.9000, 0.0063, 0.0184, 0.0165, 0.0061;
  (219) 0.0134, 0.0612, 0.0071, 0.0071, 0.0100, 0.9000, 0.0012;
  (220) 0.0965, 0.9000, 0.0032, 0.0000, 0.0001, 0.0001, 0.0001;
  (221) 0.0751, 0.0093, 0.0129, 0.0006, 0.0012, 0.0009, 0.9000;
  (222) 0.0728, 0.0223, 0.0010, 0.0018, 0.9000, 0.0019, 0.0002;
  (223) 0.9000, 0.0802, 0.0077, 0.0064, 0.0042, 0.0011, 0.0004;
  (224) 0.0721, 0.0053, 0.9000, 0.0033, 0.0082, 0.0017, 0.0094;
  (225) 0.9000, 0.0118, 0.0810, 0.0023, 0.0042, 0.0004, 0.0003;
  (226) 0.0405, 0.0310, 0.0237, 0.0036, 0.0010, 0.9000, 0.0002;
  (227) 0.0068, 0.0651, 0.0109, 0.0103, 0.9000, 0.0013, 0.0056;
  (228) 0.0169, 0.0748, 0.0035, 0.9000, 0.0046, 0.0000, 0.0002;
  (229) 0.0989, 0.9000, 0.0005, 0.0000, 0.0004, 0.0001, 0.0001;
  (230) 0.0362, 0.0311, 0.0316, 0.0008, 0.0002, 0.0001, 0.9000;
  (231) 0.0547, 0.0311, 0.0115, 0.0014, 0.9000, 0.0011, 0.0002;
  (232) 0.9000, 0.0500, 0.0008, 0.0467, 0.0007, 0.0016, 0.0002;
  (233) 0.0374, 0.0486, 0.0002, 0.0082, 0.0043, 0.0013, 0.9000;
  (234) 0.0514, 0.0342, 0.0095, 0.9000, 0.0007, 0.0016, 0.0026;
  (235) 0.0287, 0.9000, 0.0277, 0.0085, 0.0127, 0.0181, 0.0043;
  (236) 0.0744, 0.0206, 0.0025, 0.0010, 0.0002, 0.9000, 0.0013;
  (237) 0.0501, 0.0188, 0.9000, 0.0214, 0.0080, 0.0004, 0.0013;
  (238) 0.0872, 0.9000, 0.0111, 0.0006, 0.0003, 0.0002, 0.0006;
  (239) 0.9000, 0.0265, 0.0470, 0.0024, 0.0216, 0.0011, 0.0014;
  (240) 0.0577, 0.0203, 0.0145, 0.0032, 0.0018, 0.0025, 0.9000;
  (241) 0.0931, 0.0012, 0.0020, 0.0005, 0.9000, 0.0028, 0.0004;
  (242) 0.0957, 0.0015, 0.9000, 0.0017, 0.0000, 0.0007, 0.0004;
  (243) 0.0907, 0.0037, 0.0003, 0.9000, 0.0021, 0.0016, 0.0016;
  (244) 0.0129, 0.0819, 0.0039, 0.0011, 0.0001, 0.9000, 0.0001;
  (245) 0.0636, 0.0233, 0.9000, 0.0088, 0.0010, 0.0023, 0.0010;
  (246) 0.9000, 0.0211, 0.0042, 0.0448, 0.0217, 0.0012, 0.0070;
  (247) 0.0718, 0.0101, 0.0066, 0.0077, 0.0028, 0.9000, 0.0010;
  (248) 0.0871, 0.0049, 0.0003, 0.0003, 0.0065, 0.0009, 0.9000;
  (249) 0.0052, 0.0058, 0.0559, 0.0028, 0.9000, 0.0086, 0.0217;
  (250) 0.0346, 0.0213, 0.0368, 0.9000, 0.0064, 0.0008, 0.0001;
  (251) 0.0786, 0.9000, 0.0163, 0.0005, 0.0037, 0.0001, 0.0008;
  (252) 0.0658, 0.9000, 0.0088, 0.0116, 0.0015, 0.0097, 0.0026;
  (253) 0.0049, 0.0298, 0.0176, 0.9000, 0.0251, 0.0219, 0.0007;
  (254) 0.0414, 0.0433, 0.0021, 0.0014, 0.9000, 0.0096, 0.0022;
  (255) 0.9000, 0.0622, 0.0072, 0.0303, 0.0001, 0.0001, 0.0001;
  (256) 0.0868, 0.0077, 0.9000, 0.0013, 0.0014, 0.0003, 0.0025;
  (257) 0.0353, 0.0531, 0.0069, 0.0028, 0.0015, 0.0004, 0.9000;
  (258) 0.0799, 0.0160, 0.0006, 0.0004, 0.0028, 0.9000, 0.0003;
  (259) 0.0511, 0.0385, 0.0085, 0.0002, 0.0012, 0.0005, 0.9000;
  (260) 0.0227, 0.0562, 0.0027, 0.9000, 0.0071, 0.0084, 0.0029;
  (261) 0.0743, 0.0169, 0.0044, 0.0010, 0.0020, 0.9000, 0.0014;
  (262) 0.9000, 0.0544, 0.0028, 0.0410, 0.0001, 0.0015, 0.0002;
  (263) 0.0117, 0.0388, 0.0061, 0.0041, 0.9000, 0.0334, 0.0059;
  (264) 0.0956, 0.0037, 0.9000, 0.0005, 0.0000, 0.0001, 0.0001;
  (265) 0.0187, 0.9000, 0.0359, 0.0191, 0.0137, 0.0121, 0.0005;
  (266) 0.0249, 0.0291, 0.9000, 0.0130, 0.0105, 0.0104, 0.0121;
  (267) 0.0889, 0.0088, 0.0001, 0.0012, 0.9000, 0.0006, 0.0004;
  (268) 0.0461, 0.9000, 0.0161, 0.0196, 0.0179, 0.0002, 0.0001;
  (269) 0.9000, 0.0796, 0.0199, 0.0003, 0.0000, 0.0000, 0.0002;
  (270) 0.0361, 0.0091, 0.0496, 0.0016, 0.0001, 0.9000, 0.0035;
  (271) 0.0741, 0.0095, 0.0025, 0.9000, 0.0062, 0.0034, 0.0043;
  (272) 0.0745, 0.0006, 0.0011, 0.0025, 0.0207, 0.0006, 0.9000;
  (273) 0.0105, 0.0707, 0.9000, 0.0131, 0.0045, 0.0004, 0.0008;
  (274) 0.0540, 0.9000, 0.0295, 0.0087, 0.0072, 0.0004, 0.0002;
  (275) 0.0449, 0.0473, 0.0008, 0.0066, 0.9000, 0.0002, 0.0002;
  (276) 0.0709, 0.0124, 0.0005, 0.0160, 0.0000, 0.0002, 0.9000;
  (277) 0.0967, 0.0011, 0.0004, 0.0011, 0.0002, 0.9000, 0.0005;
  (278) 0.9000, 0.0038, 0.0588, 0.0034, 0.0257, 0.0074, 0.0009;
  (279) 0.0776, 0.0087, 0.0051, 0.9000, 0.0022, 0.0001, 0.0063;
  (280) 0.9000, 0.0846, 0.0032, 0.0039, 0.0032, 0.0004, 0.0047;
  (281) 0.0784, 0.9000, 0.0042, 0.0085, 0.0048, 0.0017, 0.0024;
  (282) 0.0184, 0.0589, 0.0132, 0.0062, 0.9000, 0.0032, 0.0001;
  (283) 0.0485, 0.0011, 0.9000, 0.0182, 0.0012, 0.0170, 0.0140;
  (284) 0.0596, 0.0340, 0.0063, 0.9000, 0.0000, 0.0000, 0.0001;
  (285) 0.0326, 0.0227, 0.0261, 0.0134, 0.0044, 0.0008, 0.9000;
  (286) 0.0232, 0.0730, 0.0029, 0.0009, 0.0000, 0.9000, 0.0000;
  (287) 0.0842, 0.0143, 0.0002, 0.0001, 0.0011, 0.9000, 0.0001;
  (288) 0.0689, 0.0087, 0.0117, 0.0087, 0.0000, 0.0020, 0.9000;
  (289) 0.0661, 0.9000, 0.0066, 0.0120, 0.0103, 0.0005, 0.0045;
  (290) 0.0752, 0.0102, 0.0043, 0.9000, 0.0059, 0.0007, 0.0037;
  (291) 0.9000, 0.0269, 0.0589, 0.0091, 0.0030, 0.0009, 0.0012;
  (292) 0.0751, 0.0072, 0.0012, 0.0078, 0.9000, 0.0006, 0.0081;
  (293) 0.0778, 0.0147, 0.9000, 0.0040, 0.0004, 0.0014, 0.0017;
  (294) 0.0568, 0.0376, 0.0021, 0.0030, 0.9000, 0.0000, 0.0005;
  (295) 0.9000, 0.0691, 0.0269, 0.0027, 0.0007, 0.0000, 0.0006;
  (296) 0.0137, 0.0311, 0.9000, 0.0309, 0.0073, 0.0014, 0.0156;
  (297) 0.0017, 0.0950, 0.0001, 0.0015, 0.0007, 0.0010, 0.9000;
  (298) 0.0525, 0.0004, 0.0411, 0.9000, 0.0059, 0.0000, 0.0001;
  (299) 0.0655, 0.0159, 0.0070, 0.0033, 0.0052, 0.9000, 0.0031;
  (300) 0.0374, 0.9000, 0.0521, 0.0083, 0.0006, 0.0011, 0.0005;
  (301) 0.0902, 0.0070, 0.0007, 0.0001, 0.0003, 0.9000, 0.0017;
  (302) 0.0850, 0.0141, 0.0007, 0.9000, 0.0001, 0.0000, 0.0001;
  (303) 0.0394, 0.9000, 0.0037, 0.0020, 0.0414, 0.0053, 0.0082;
  (304) 0.0636, 0.0333, 0.0017, 0.0005, 0.9000, 0.0007, 0.0002;
  (305) 0.0023, 0.0667, 0.9000, 0.0091, 0.0109, 0.0080, 0.0030;
  (306) 0.0755, 0.0201, 0.0035, 0.0003, 0.0004, 0.0002, 0.9000;
  (307) 0.9000, 0.0949, 0.0041, 0.0001, 0.0002, 0.0004, 0.0003;
  (308) 0.0628, 0.0196, 0.0138, 0.0028, 0.9000, 0.0008, 0.0002;
  (309) 0.9000, 0.0392, 0.0002, 0.0119, 0.0146, 0.0191, 0.0150;
  (310) 0.0776, 0.0137, 0.0026, 0.9000, 0.0038, 0.0016, 0.0007;
  (311) 0.0231, 0.0731, 0.9000, 0.0018, 0.0003, 0.0015, 0.0002;
  (312) 0.0374, 0.9000, 0.0588, 0.0009, 0.0025, 0.0000, 0.0004;
  (313) 0.0998, 0.0001, 0.0001, 0.0000, 0.0000, 0.0000, 0.9000;
  (314) 0.0593, 0.0311, 0.0062, 0.0008, 0.0017, 0.9000, 0.0009;
  (315) 0.0232, 0.0598, 0.0004, 0.0008, 0.9000, 0.0045, 0.0113;
  (316) 0.0475, 0.0254, 0.0040, 0.0118, 0.0095, 0.0018, 0.9000;
  (317) 0.0840, 0.0056, 0.0069, 0.0005, 0.0004, 0.9000, 0.0026;
  (318) 0.9000, 0.0686, 0.0154, 0.0145, 0.0000, 0.0008, 0.0007;
  (319) 0.0452, 0.0094, 0.0106, 0.9000, 0.0328, 0.0013, 0.0007;
  (320) 0.0904, 0.0059, 0.9000, 0.0025, 0.0003, 0.0005, 0.0004;
  (321) 0.0468, 0.9000, 0.0049, 0.0127, 0.0087, 0.0021, 0.0248;
  (322) 0.0248, 0.9000, 0.0268, 0.0378, 0.0067, 0.0039, 0.0000;
  (323) 0.9000, 0.0781, 0.0144, 0.0017, 0.0041, 0.0014, 0.0003;
  (324) 0.0449, 0.0454, 0.0083, 0.0000, 0.0002, 0.9000, 0.0012;
  (325) 0.0663, 0.0167, 0.0106, 0.0039, 0.0010, 0.0015, 0.9000;
  (326) 0.0127, 0.0713, 0.9000, 0.0003, 0.0037, 0.0034, 0.0086;
  (327) 0.0471, 0.0316, 0.0039, 0.0133, 0.9000, 0.0016, 0.0025;
  (328) 0.0585, 0.0132, 0.0051, 0.9000, 0.0037, 0.0167, 0.0028;
  (329) 0.9000, 0.0861, 0.0095, 0.0038, 0.0000, 0.0000, 0.0006;
  (330) 0.0854, 0.0075, 0.0050, 0.0019, 0.0001, 0.0001, 0.9000;
  (331) 0.0720, 0.0069, 0.0202, 0.0006, 0.0002, 0.9000, 0.0001;
  (332) 0.0701, 0.0075, 0.9000, 0.0093, 0.0013, 0.0008, 0.0110;
  (333) 0.0134, 0.0269, 0.0506, 0.0020, 0.9000, 0.0019, 0.0052;
  (334) 0.0396, 0.9000, 0.0219, 0.0241, 0.0082, 0.0017, 0.0045;
  (335) 0.0501, 0.0354, 0.0053, 0.9000, 0.0066, 0.0019, 0.0007;
  (336) 0.0527, 0.0332, 0.0092, 0.9000, 0.0027, 0.0009, 0.0013;
  (337) 0.0123, 0.0525, 0.0165, 0.0150, 0.0036, 0.9000, 0.0001;
  (338) 0.0256, 0.0564, 0.9000, 0.0140, 0.0030, 0.0005, 0.0005;
  (339) 0.9000, 0.0706, 0.0092, 0.0202, 0.0000, 0.0000, 0.0000;
  (340) 0.0692, 0.0211, 0.0023, 0.0041, 0.9000, 0.0028, 0.0005;
  (341) 0.0101, 0.9000, 0.0163, 0.0572, 0.0038, 0.0011, 0.0115;
  (342) 0.0526, 0.0169, 0.0069, 0.0193, 0.0028, 0.0015, 0.9000;
  (343) 0.0105, 0.0147, 0.0374, 0.0166, 0.0083, 0.0125, 0.9000;
  (344) 0.9000, 0.0558, 0.0052, 0.0197, 0.0142, 0.0025, 0.0026;
  (345) 0.0922, 0.0037, 0.0033, 0.0007, 0.0001, 0.9000, 0.0000;
  (346) 0.0396, 0.0089, 0.0173, 0.9000, 0.0037, 0.0214, 0.0091;
  (347) 0.0470, 0.9000, 0.0448, 0.0012, 0.0020, 0.0012, 0.0038;
  (348) 0.0812, 0.0002, 0.9000, 0.0172, 0.0013, 0.0000, 0.0001;
  (349) 0.0654, 0.0323, 0.0009, 0.0011, 0.9000, 0.0002, 0.0001;
  (350) 0.0911, 0.0031, 0.0020, 0.0007, 0.0030, 0.0001, 0.9000;
  (351) 0.0282, 0.0168, 0.0548, 0.9000, 0.0002, 0.0000, 0.0000;
  (352) 0.9000, 0.0964, 0.0012, 0.0015, 0.0005, 0.0003, 0.0001;
  (353) 0.0100, 0.0694, 0.0100, 0.0076, 0.0005, 0.9000, 0.0025;
  (354) 0.0796, 0.9000, 0.0169, 0.0020, 0.0013, 0.0001, 0.0001;
  (355) 0.0624, 0.0133, 0.9000, 0.0036, 0.0194, 0.0003, 0.0010;
  (356) 0.0785, 0.0160, 0.0007, 0.0035, 0.9000, 0.0009, 0.0004;
  (357) 0.0767, 0.0195, 0.0033, 0.9000, 0.0004, 0.0000, 0.0001;
  (358) 0.0607, 0.0266, 0.0044, 0.0010, 0.0020, 0.0053, 0.9000;
  (359) 0.0869, 0.0080, 0.0046, 0.0002, 0.0000, 0.9000, 0.0003;
  (360) 0.0111, 0.0809, 0.9000, 0.0044, 0.0030, 0.0006, 0.0000;
  (361) 0.9000, 0.0839, 0.0064, 0.0043, 0.0049, 0.0002, 0.0003;
  (362) 0.0321, 0.0551, 0.0028, 0.0014, 0.9000, 0.0069, 0.0017;
  (363) 0.0698, 0.9000, 0.0234, 0.0013, 0.0041, 0.0012, 0.0002;
  (364) 0.0463, 0.0282, 0.9000, 0.0162, 0.0057, 0.0000, 0.0036;
  (365) 0.0308, 0.9000, 0.0047, 0.0517, 0.0053, 0.0020, 0.0055;
  (366) 0.0666, 0.0199, 0.0126, 0.0008, 0.0000, 0.9000, 0.0001;
  (367) 0.0391, 0.0211, 0.0323, 0.0051, 0.9000, 0.0015, 0.0009;
  (368) 0.9000, 0.0920, 0.0006, 0.0065, 0.0006, 0.0003, 0.0000;
  (369) 0.0093, 0.0244, 0.0409, 0.0005, 0.0086, 0.0163, 0.9000;
  (370) 0.0554, 0.0064, 0.0349, 0.9000, 0.0005, 0.0008, 0.0020;
  (371) 0.0921, 0.0000, 0.9000, 0.0041, 0.0005, 0.0030, 0.0003;
  (372) 0.0859, 0.9000, 0.0024, 0.0012, 0.0018, 0.0018, 0.0069;
  (373) 0.0108, 0.0354, 0.0262, 0.9000, 0.0029, 0.0158, 0.0089;
  (374) 0.0329, 0.0099, 0.0064, 0.0226, 0.0154, 0.0128, 0.9000;
  (375) 0.0606, 0.0201, 0.0139, 0.0036, 0.0011, 0.9000, 0.0007;
  (376) 0.9000, 0.0436, 0.0311, 0.0236, 0.0003, 0.0001, 0.0013;
  (377) 0.0511, 0.0141, 0.0252, 0.0061, 0.9000, 0.0029, 0.0006;
  (378) 0.9000, 0.0697, 0.0049, 0.0052, 0.0128, 0.0022, 0.0052;
  (379) 0.0822, 0.0108, 0.9000, 0.0029, 0.0027, 0.0010, 0.0004;
  (380) 0.0434, 0.0032, 0.0147, 0.9000, 0.0307, 0.0039, 0.0041;
  (381) 0.0987, 0.0012, 0.0000, 0.0001, 0.0000, 0.9000, 0.0000;
  (382) 0.0064, 0.9000, 0.0266, 0.0441, 0.0129, 0.0006, 0.0094;
  (383) 0.0887, 0.0061, 0.0035, 0.0015, 0.9000, 0.0002, 0.0000;
  (384) 0.0612, 0.0053, 0.0181, 0.0031, 0.0054, 0.0069, 0.9000;
  (385) 0.0814, 0.0050, 0.0038, 0.0028, 0.0007, 0.9000, 0.0063;
  (386) 0.9000, 0.0303, 0.0664, 0.0030, 0.0003, 0.0000, 0.0000;
  (387) 0.0459, 0.9000, 0.0505, 0.0001, 0.0002, 0.0022, 0.0011;
  (388) 0.0885, 0.0099, 0.0005, 0.0009, 0.0001, 0.0001, 0.9000;
  (389) 0.0553, 0.0088, 0.0078, 0.9000, 0.0263, 0.0013, 0.0005;
  (390) 0.0708, 0.0222, 0.9000, 0.0069, 0.0001, 0.0000, 0.0000;
  (391) 0.0470, 0.0059, 0.0050, 0.0290, 0.9000, 0.0098, 0.0033;
  (392) 0.9000, 0.0905, 0.0067, 0.0006, 0.0022, 0.0000, 0.0000;
  (393) 0.0369, 0.0213, 0.0394, 0.0005, 0.9000, 0.0005, 0.0014;
  (394) 0.0810, 0.9000, 0.0115, 0.0021, 0.0048, 0.0003, 0.0003;
  (395) 0.0450, 0.0322, 0.0080, 0.0059, 0.0044, 0.0045, 0.9000;
  (396) 0.0899, 0.0001, 0.0030, 0.0068, 0.0001, 0.9000, 0.0001;
  (397) 0.0918, 0.0059, 0.0015, 0.9000, 0.0008, 0.0000, 0.0000;
  (398) 0.0717, 0.0048, 0.9000, 0.0021, 0.0081, 0.0131, 0.0002;
  (399) 0.0839, 0.0023, 0.0079, 0.0045, 0.0006, 0.9000, 0.0008;
}

probability (column3) {
  table 0.0064, 0.0058, 0.0053, 0.0062, 0.0034, 0.0028, 0.0068, 0.0037, 0.0085, 0.0058, 0.0052, 0.0079, 0.0065, 0.0041, 0.0042, 0.0098, 0.0030, 0.0058, 0.0070, 0.0021, 0.0030, 0.0029, 0.0038, 0.0053, 0.0082, 0.0052, 0.0065, 0.0092, 0.0031, 0.0022, 0.0081, 0.0054, 0.0118, 0.0060, 0.0037, 0.0067, 0.0061, 0.0058, 0.0046, 0.0060, 0.0039, 0.0007, 0.0071, 0.0047, 0.0100, 0.0036, 0.0029, 0.0069, 0.0034, 0.0041, 0.0019, 0.0106, 0.0088, 0.0027, 0.0081, 0.0030, 0.0024, 0.0062, 0.0037, 0.0028, 0.0053, 0.0044, 0.0072, 0.0018, 0.0090, 0.0026, 0.0071, 0.0048, 0.0044, 0.0025, 0.0017, 0.0022, 0.0047, 0.0030, 0.0043, 0.0114, 0.0038, 0.0029, 0.0015, 0.0081, 0.0028, 0.0050, 0.0064, 0.0036, 0.0111, 0.0047, 0.0024, 0.0054, 0.0058, 0.0065, 0.0068, 0.0057, 0.0045, 0.0048, 0.0046, 0.0041, 0.0049, 0.0048, 0.0032, 0.0066, 0.0049, 0.0047, 0.0025, 0.0019, 0.0028, 0.0049, 0.0022, 0.0066, 0.0059, 0.0029, 0.0028, 0.0086, 0.0042, 0.0023, 0.0036, 0.0062, 0.0063, 0.0039, 0.0027, 0.0017, 0.0070, 0.0069, 0.0057, 0.0069, 0.0052, 0.0115, 0.0065, 0.0023, 0.0052, 0.0026, 0.0032, 0.0100, 0.0038, 0.0041, 0.0036, 0.0015, 0.0030, 0.0071, 0.0056, 0.0084, 0.0013, 0.0025, 0.0073, 0.0031, 0.0033, 0.0056, 0.0060, 0.0012, 0.0031, 0.0022, 0.0031, 0.0113, 0.0021, 0.0051, 0.0042, 0.0107, 0.0025, 0.0081, 0.0038, 0.0058, 0.0029, 0.0031, 0.0051, 0.0053, 0.0050, 0.0029, 0.0060, 0.0091, 0.0043, 0.0061, 0.0017, 0.0052, 0.0035, 0.0039, 0.0089, 0.0020, 0.0052, 0.0035, 0.0033, 0.0058, 0.0083, 0.0071, 0.0022, 0.0040, 0.0142, 0.0024, 0.0028, 0.0035, 0.0036, 0.0037, 0.0074, 0.0021, 0.0046, 0.0069, 0.0041, 0.0065, 0.0032, 0.0092, 0.0065, 0.0031;
}

probability (column4 | column3) {
  (0) 0.0853, 0.0124, 0.0021, 0.0000, 0.0002, 0.0000, 0.0000, 0.0000, 0.0000, 0.0000, 0.0000, 0.0000, 0.0000, 0.0000, 0.0000, 0.0000, 0.0000, 0.0000, 0.0000, 0.0000, 0.0000, 0.0000, 0.0000, 0.0000, 0.0000, 0.0000, 0.0000, 0.0000, 0.0000, 0.0000, 0.0000, 0.0000, 0.0000, 0.0000, 0.0000, 0.0000, 0.0000, 0.0000, 0.0000, 0.0000, 0.0000, 0.0000, 0.0000, 0.0000, 0.0000, 0.0000, 0.0000, 0.0000, 0.0000, 0.0000, 0.0000, 0.0000, 0.0000, 0.0000, 0.0000, 0.0000, 0.0000, 0.0000, 0.0000, 0.0000, 0.0000, 0.0000, 0.0000, 0.0000, 0.0000, 0.0000, 0.0000, 0.0000, 0.0000, 0.0000, 0.0000, 0.0000, 0.0000, 0.0000, 0.0000, 0.0000, 0.0000, 0.0000, 0.0000, 0.0000, 0.0000, 0.0000, 0.0000, 0.0000, 0.0000, 0.0000, 0.0000, 0.0000, 0.0000, 0.0000, 0.0000, 0.0000, 0.0000, 0.0000, 0.0000, 0.0000, 0.0000, 0.9000, 0.0000, 0.0000, 0.0000, 0.0000, 0.0000, 0.0000, 0.0000, 0.0000, 0.0000, 0.0000, 0.0000, 0.0000, 0.0000, 0.0000, 0.0000, 0.0000, 0.0000, 0.0000, 0.0000, 0.0000, 0.0000, 0.0000, 0.0000, 0.0000, 0.0000, 0.0000, 0.0000, 0.0000, 0.0000, 0.0000, 0.0000, 0.0000, 0.0000, 0.0000, 0.0000, 0.0000, 0.0000, 0.0000, 0.0000, 0.0000, 0.0000, 0.0000, 0.0000, 0.0000, 0.0000, 0.0000, 0.0000, 0.0000, 0.0000, 0.0000, 0.0000, 0.0000, 0.0000, 0.0000, 0.0000, 0.0000, 0.0000, 0.0000, 0.0000, 0.0000, 0.0000, 0.0000, 0.0000, 0.0000, 0.0000, 0.0000, 0.0000, 0.0000, 0.0000, 0.0000, 0.0000, 0.0000, 0.0000, 0.0000, 0.0000, 0.0000, 0.0000, 0.0000, 0.0000, 0.0000, 0.0000, 0.0000, 0.0000, 0.0000, 0.0000, 0.0000, 0.0000, 0.0000, 0.0000, 0.0000, 0.0000, 0.0000, 0.0000, 0.0000, 0.0000, 0.0000, 0.0000, 0.0000, 0.0000, 0.0000, 0.0000, 0.0000;
  (1) 0.0338, 0.0226, 0.0120, 0.0093, 0.0151, 0.0044, 0.0003, 0.0016, 0.0002, 0.0002, 0.0004, 0.0000, 0.0001, 0.0000, 0.0000, 0.0000, 0.0000, 0.0000, 0.0000, 0.0000, 0.0000, 0.0000, 0.0000, 0.0000, 0.0000, 0.0000, 0.0000, 0.0000, 0.0000, 0.0000, 0.0000, 0.0000, 0.0000, 0.0000, 0.0000, 0.0000, 0.0000, 0.0000, 0.0000, 0.0000, 0.0000, 0.0000, 0.0000, 0.0000, 0.0000, 0.0000, 0.0000, 0.0000, 0.0000, 0.0000, 0.0000, 0.0000, 0.0000, 0.0000, 0.0000, 0.0000, 0.0000, 0.0000, 0.0000, 0.0000, 0.0000, 0.0000, 0.0000, 0.0000, 0.0000, 0.0000, 0.0000, 0.0000, 0.0000, 0.0000, 0.0000, 0.0000, 0.0000, 0.0000, 0.0000, 0.0000, 0.0000, 0.0000, 0.0000, 0.0000, 0.0000, 0.0000, 0.0000, 0.0000, 0.0000, 0.0000, 0.0000, 0.0000, 0.9000, 0.0000, 0.0000, 0.0000, 0.0000, 0.0000, 0.0000, 0.0000, 0.0000, 0.0000, 0.0000, 0.0000, 0.0000, 0.0000, 0.0000, 0.0000, 0.0000, 0.0000, 0.0000, 0.0000, 0.0000, 0.0000, 0.0000, 0.0000, 0.0000, 0.0000, 0.0000, 0.0000, 0.0000, 0.0000, 0.0000, 0.0000, 0.0000, 0.0000, 0.0000, 0.0000, 0.0000, 0.0000, 0.0000, 0.0000, 0.0000, 0.0000, 0.0000, 0.0000, 0.0000, 0.0000, 0.0000, 0.0000, 0.0000, 0.0000, 0.0000, 0.0000, 0.0000, 0.0000, 0.0000, 0.0000, 0.0000, 0.0000, 0.0000, 0.0000, 0.0000, 0.0000, 0.0000, 0.0000, 0.0000, 0.0000, 0.0000, 0.0000, 0.0000, 0.0000, 0.0000, 0.0000, 0.0000, 0.0000, 0.0000, 0.0000, 0.0000, 0.0000, 0.0000, 0.0000, 0.0000, 0.0000, 0.0000, 0.0000, 0.0000, 0.0000, 0.0000, 0.0000, 0.0000, 0.0000, 0.0000, 0.0000, 0.0000, 0.0000, 0.0000, 0.0000, 0.0000, 0.0000, 0.0000, 0.0000, 0.0000, 0.0000, 0.0000, 0.0000, 0.0000, 0.0000, 0.0000, 0.0000, 0.0000, 0.0000, 0.0000, 0.0000;
