network unknown {
}
variable column1 {
  type discrete[100] { 0, 1, 2, 3, 4, 5, 6, 7, 8, 9, 10, 11, 12, 13, 14, 15, 16, 17, 18, 19, 20, 21, 22, 23, 24, 25, 26, 27, 28, 29, 30, 31, 32, 33, 34, 35, 36, 37, 38, 39, 40, 41, 42, 43, 44, 45, 46, 47, 48, 49, 50, 51, 52, 53, 54, 55, 56, 57, 58, 59, 60, 61, 62, 63, 64, 65, 66, 67, 68, 69, 70, 71, 72, 73, 74, 75, 76, 77, 78, 79, 80, 81, 82, 83, 84, 85, 86, 87, 88, 89, 90, 91, 92, 93, 94, 95, 96, 97, 98, 99 };
}
variable column2 {
  type discrete[7] { 0, 1, 2, 3, 4, 5, 6 };
}
variable column3 {
  type discrete[50] { 0, 1, 2, 3, 4, 5, 6, 7, 8, 9, 10, 11, 12, 13, 14, 15, 16, 17, 18, 19, 20, 21, 22, 23, 24, 25, 26, 27, 28, 29, 30, 31, 32, 33, 34, 35, 36, 37, 38, 39, 40, 41, 42, 43, 44, 45, 46, 47, 48, 49 };
}
variable column4 {
  type discrete[50] { 0, 1, 2, 3, 4, 5, 6, 7, 8, 9, 10, 11, 12, 13, 14, 15, 16, 17, 18, 19, 20, 21, 22, 23, 24, 25, 26, 27, 28, 29, 30, 31, 32, 33, 34, 35, 36, 37, 38, 39, 40, 41, 42, 43, 44, 45, 46, 47, 48, 49 };
}
variable column5 {
  type discrete[5] { 0, 1, 2, 3, 4 };
}
variable column6 {
  type discrete[10] { 0, 1, 2, 3, 4, 5, 6, 7, 8, 9 };
}
variable column7 {
  type discrete[4] { 0, 1, 2, 3 };
}
variable column8 {
  type discrete[4] { 0, 1, 2, 3 };
}
variable column9 {
  type discrete[4] { 0, 1, 2, 3 };
}
variable column10 {
  type discrete[3] { 0, 1, 2 };
}
variable column11 {
  type discrete[3] { 0, 1, 2 };
}
variable column12 {
  type discrete[5] { 0, 1, 2, 3, 4 };
}
variable column13 {
  type discrete[5] { 0, 1, 2, 3, 4 };
}
variable column14 {
  type discrete[5] { 0, 1, 2, 3, 4 };
}
variable column15 {
  type discrete[5] { 0, 1, 2, 3, 4 };
}
variable column16 {
  type discrete[5] { 0, 1, 2, 3, 4 };
}
variable column17 {
  type discrete[5] { 0, 1, 2, 3, 4 };
}
variable column18 {
  type discrete[5] { 0, 1, 2, 3, 4 };
}
variable column19 {
  type discrete[5] { 0, 1, 2, 3, 4 };
}
variable column20 {
  type discrete[5] { 0, 1, 2, 3, 4 };
}

probability (column1) {
  table 0.0082, 0.0056, 0.0140, 0.0050, 0.0038, 0.0114, 0.0098, 0.0039, 0.0072, 0.0170, 0.0082, 0.0030, 0.0057, 0.0173, 0.0090, 0.0101, 0.0185, 0.0138, 0.0018, 0.0173, 0.0147, 0.0085, 0.0131, 0.0086, 0.0124, 0.0041, 0.0083, 0.0101, 0.0166, 0.0154, 0.0084, 0.0089, 0.0035, 0.0066, 0.0043, 0.0095, 0.0045, 0.0194, 0.0063, 0.0075, 0.0076, 0.0225, 0.0082, 0.0138, 0.0145, 0.0085, 0.0087, 0.0096, 0.0062, 0.0130, 0.0086, 0.0082, 0.0101, 0.0132, 0.0045, 0.0120, 0.0088, 0.0190, 0.0127, 0.0101, 0.0103, 0.0016, 0.0071, 0.0090, 0.0089, 0.0168, 0.0054, 0.0076, 0.0093, 0.0185, 0.0076, 0.0148, 0.0052, 0.0076, 0.0100, 0.0075, 0.0225, 0.0104, 0.0160, 0.0147, 0.0050, 0.0054, 0.0100, 0.0062, 0.0136, 0.0096, 0.0119, 0.0098, 0.0020, 0.0104, 0.0102, 0.0083, 0.0082, 0.0112, 0.0182, 0.0067, 0.0133, 0.0098, 0.0073, 0.0110;
}

probability (column2 | column1) {
  (0) 0.0189, 0.0268, 0.0426, 0.0093, 0.0016, 0.9000, 0.0008;
  (1) 0.9000, 0.0654, 0.0195, 0.0122, 0.0019, 0.0003, 0.0007;
  (2) 0.0741, 0.0215, 0.0033, 0.0001, 0.0002, 0.0008, 0.9000;
  (3) 0.0925, 0.0043, 0.9000, 0.0006, 0.0016, 0.0008, 0.0002;
  (4) 0.0448, 0.0252, 0.0259, 0.0006, 0.9000, 0.0031, 0.0004;
  (5) 0.0865, 0.9000, 0.0072, 0.0034, 0.0015, 0.0009, 0.0005;
  (6) 0.0199, 0.0777, 0.0008, 0.9000, 0.0013, 0.0002, 0.0001;
  (7) 0.0008, 0.9000, 0.0367, 0.0406, 0.0014, 0.0119, 0.0086;
  (8) 0.0219, 0.0297, 0.9000, 0.0205, 0.0160, 0.0068, 0.0051;
  (9) 0.0560, 0.0294, 0.0006, 0.0104, 0.0031, 0.0005, 0.9000;
  (10) 0.9000, 0.0390, 0.0191, 0.0348, 0.0003, 0.0001, 0.0067;
  (11) 0.0345, 0.0609, 0.0016, 0.9000, 0.0010, 0.0006, 0.0014;
  (12) 0.0930, 0.0018, 0.0019, 0.0002, 0.9000, 0.0028, 0.0003;
  (13) 0.0787, 0.0095, 0.0014, 0.0021, 0.0048, 0.9000, 0.0035;
  (14) 0.0549, 0.0297, 0.0023, 0.0028, 0.0071, 0.0032, 0.9000;
  (15) 0.0043, 0.0752, 0.0131, 0.9000, 0.0053, 0.0018, 0.0003;
  (16) 0.9000, 0.0943, 0.0032, 0.0022, 0.0001, 0.0000, 0.0002;
  (17) 0.0996, 0.0001, 0.0001, 0.0001, 0.9000, 0.0001, 0.0000;
  (18) 0.0443, 0.0086, 0.9000, 0.0154, 0.0229, 0.0075, 0.0013;
  (19) 0.0972, 0.0022, 0.0004, 0.0000, 0.0001, 0.9000, 0.0001;
  (20) 0.0600, 0.9000, 0.0272, 0.0018, 0.0029, 0.0073, 0.0008;
  (21) 0.0507, 0.0233, 0.9000, 0.0151, 0.0057, 0.0034, 0.0018;
  (22) 0.0850, 0.0115, 0.0013, 0.0015, 0.0001, 0.0006, 0.9000;
  (23) 0.0803, 0.9000, 0.0151, 0.0038, 0.0004, 0.0002, 0.0002;
  (24) 0.0779, 0.0147, 0.0050, 0.0003, 0.0001, 0.9000, 0.0020;
  (25) 0.0114, 0.0334, 0.0090, 0.9000, 0.0373, 0.0016, 0.0073;
  (26) 0.9000, 0.0164, 0.0488, 0.0347, 0.0001, 0.0000, 0.0000;
  (27) 0.0816, 0.0158, 0.0016, 0.0008, 0.9000, 0.0002, 0.0000;
  (28) 0.0719, 0.0260, 0.0016, 0.0003, 0.9000, 0.0001, 0.0001;
  (29) 0.0890, 0.9000, 0.0038, 0.0023, 0.0005, 0.0028, 0.0016;
  (30) 0.0725, 0.0205, 0.0065, 0.0002, 0.0002, 0.0001, 0.9000;
  (31) 0.9000, 0.0967, 0.0015, 0.0018, 0.0000, 0.0000, 0.0000;
  (32) 0.0479, 0.0178, 0.0122, 0.0073, 0.0034, 0.9000, 0.0114;
  (33) 0.0030, 0.0014, 0.9000, 0.0238, 0.0578, 0.0034, 0.0106;
  (34) 0.0136, 0.0141, 0.0107, 0.9000, 0.0279, 0.0052, 0.0285;
  (35) 0.0680, 0.0147, 0.0081, 0.9000, 0.0055, 0.0015, 0.0022;
  (36) 0.0376, 0.0450, 0.0022, 0.0024, 0.9000, 0.0085, 0.0043;
  (37) 0.9000, 0.0584, 0.0309, 0.0038, 0.0008, 0.0036, 0.0025;
  (38) 0.0357, 0.0573, 0.9000, 0.0026, 0.0010, 0.0018, 0.0016;
  (39) 0.0272, 0.0697, 0.0004, 0.0027, 0.0000, 0.9000, 0.0000;
  (40) 0.0934, 0.9000, 0.0008, 0.0012, 0.0008, 0.0022, 0.0016;
  (41) 0.0355, 0.0024, 0.0048, 0.0120, 0.0161, 0.0292, 0.9000;
  (42) 0.9000, 0.0894, 0.0034, 0.0046, 0.0023, 0.0001, 0.0002;
  (43) 0.0231, 0.9000, 0.0158, 0.0420, 0.0072, 0.0004, 0.0115;
  (44) 0.0058, 0.0565, 0.9000, 0.0284, 0.0029, 0.0009, 0.0055;
  (45) 0.0834, 0.0106, 0.0044, 0.0013, 0.0001, 0.0002, 0.9000;
  (46) 0.0074, 0.0211, 0.0147, 0.9000, 0.0023, 0.0009, 0.0536;
  (47) 0.0913, 0.0054, 0.0027, 0.0003, 0.9000, 0.0000, 0.0003;
  (48) 0.0035, 0.0046, 0.0177, 0.0632, 0.0006, 0.9000, 0.0104;
  (49) 0.0574, 0.0132, 0.0129, 0.0027, 0.9000, 0.0070, 0.0068;
  (50) 0.0129, 0.0452, 0.0204, 0.0055, 0.0071, 0.9000, 0.0089;
  (51) 0.0232, 0.0594, 0.0096, 0.0025, 0.0048, 0.0005, 0.9000;
  (52) 0.9000, 0.0761, 0.0224, 0.0003, 0.0000, 0.0011, 0.0001;
  (53) 0.0985, 0.9000, 0.0001, 0.0010, 0.0003, 0.0001, 0.0000;
  (54) 0.0144, 0.0444, 0.0018, 0.9000, 0.0089, 0.0107, 0.0198;
  (55) 0.0324, 0.0625, 0.9000, 0.0044, 0.0002, 0.0004, 0.0001;
  (56) 0.0502, 0.0207, 0.0270, 0.9000, 0.0008, 0.0004, 0.0009;
  (57) 0.0698, 0.0019, 0.9000, 0.0053, 0.0053, 0.0063, 0.0114;
  (58) 0.0031, 0.0688, 0.0030, 0.0027, 0.0074, 0.9000, 0.0150;
  (59) 0.9000, 0.0304, 0.0629, 0.0053, 0.0008, 0.0003, 0.0003;
  (60) 0.0042, 0.0549, 0.0005, 0.0142, 0.0233, 0.0029, 0.9000;
  (61) 0.0360, 0.0032, 0.0314, 0.0053, 0.9000, 0.0075, 0.0166;
  (62) 0.0021, 0.9000, 0.0579, 0.0357, 0.0035, 0.0003, 0.0005;
  (63) 0.9000, 0.0892, 0.0064, 0.0016, 0.0006, 0.0021, 0.0001;
  (64) 0.0651, 0.0182, 0.0014, 0.0024, 0.0041, 0.0088, 0.9000;
  (65) 0.0491, 0.0406, 0.9000, 0.0039, 0.0041, 0.0019, 0.0004;
  (66) 0.0808, 0.0065, 0.0004, 0.0050, 0.9000, 0.0035, 0.0038;
  (67) 0.0956, 0.9000, 0.0023, 0.0009, 0.0006, 0.0005, 0.0001;
  (68) 0.0243, 0.0703, 0.0021, 0.9000, 0.0016, 0.0014, 0.0003;
  (69) 0.0746, 0.0071, 0.0103, 0.0009, 0.0042, 0.9000, 0.0029;
  (70) 0.0449, 0.0073, 0.0384, 0.0059, 0.9000, 0.0022, 0.0013;
  (71) 0.0265, 0.9000, 0.0703, 0.0019, 0.0011, 0.0000, 0.0002;
  (72) 0.0805, 0.0020, 0.0109, 0.0039, 0.0002, 0.0025, 0.9000;
  (73) 0.0104, 0.0286, 0.9000, 0.0219, 0.0042, 0.0304, 0.0045;
  (74) 0.9000, 0.0327, 0.0364, 0.0086, 0.0173, 0.0025, 0.0025;
  (75) 0.0114, 0.0098, 0.0205, 0.9000, 0.0525, 0.0058, 0.0000;
  (76) 0.0200, 0.0630, 0.0161, 0.0003, 0.0002, 0.9000, 0.0004;
  (77) 0.0101, 0.9000, 0.0105, 0.0649, 0.0082, 0.0029, 0.0034;
  (78) 0.0691, 0.0308, 0.9000, 0.0000, 0.0000, 0.0001, 0.0000;
  (79) 0.0609, 0.0039, 0.0209, 0.0018, 0.0101, 0.9000, 0.0024;
  (80) 0.0163, 0.0544, 0.0283, 0.0010, 0.0000, 0.0000, 0.9000;
  (81) 0.9000, 0.0741, 0.0189, 0.0036, 0.0001, 0.0018, 0.0015;
  (82) 0.0741, 0.0199, 0.0030, 0.0013, 0.9000, 0.0005, 0.0012;
  (83) 0.0663, 0.0113, 0.0155, 0.9000, 0.0021, 0.0029, 0.0019;
  (84) 0.0513, 0.9000, 0.0212, 0.0053, 0.0179, 0.0029, 0.0014;
  (85) 0.9000, 0.0169, 0.0379, 0.0343, 0.0026, 0.0020, 0.0063;
  (86) 0.0368, 0.0113, 0.0507, 0.0009, 0.0000, 0.9000, 0.0003;
  (87) 0.0985, 0.0012, 0.9000, 0.0000, 0.0003, 0.0000, 0.0000;
  (88) 0.0330, 0.0543, 0.0076, 0.9000, 0.0011, 0.0012, 0.0028;
  (89) 0.0044, 0.0844, 0.0042, 0.0048, 0.9000, 0.0015, 0.0007;
  (90) 0.0055, 0.0402, 0.0190, 0.0030, 0.0273, 0.0050, 0.9000;
  (91) 0.0524, 0.0174, 0.9000, 0.0154, 0.0088, 0.0041, 0.0019;
  (92) 0.0516, 0.0279, 0.0010, 0.0102, 0.9000, 0.0037, 0.0056;
  (93) 0.0131, 0.0462, 0.0332, 0.0007, 0.0001, 0.9000, 0.0067;
  (94) 0.0929, 0.0029, 0.0035, 0.9000, 0.0001, 0.0005, 0.0001;
  (95) 0.0317, 0.9000, 0.0439, 0.0233, 0.0001, 0.0002, 0.0008;
  (96) 0.0087, 0.0863, 0.0047, 0.0002, 0.0000, 0.0001, 0.9000;
  (97) 0.9000, 0.0603, 0.0220, 0.0102, 0.0057, 0.0001, 0.0017;
  (98) 0.0521, 0.0011, 0.0425, 0.0014, 0.0024, 0.0005, 0.9000;
  (99) 0.0082, 0.0258, 0.0529, 0.0044, 0.9000, 0.0002, 0.0085;
}

probability (column3) {
  table 0.0271, 0.0247, 0.0237, 0.0092, 0.0177, 0.0181, 0.0267, 0.0146, 0.0299, 0.0093, 0.0132, 0.0234, 0.0176, 0.0203, 0.0136, 0.0242, 0.0187, 0.0201, 0.0180, 0.0229, 0.0126, 0.0350, 0.0138, 0.0160, 0.0221, 0.0307, 0.0114, 0.0094, 0.0355, 0.0239, 0.0237, 0.0207, 0.0327, 0.0304, 0.0269, 0.0307, 0.0165, 0.0085, 0.0119, 0.0098, 0.0121, 0.0209, 0.0123, 0.0125, 0.0136, 0.0210, 0.0115, 0.0335, 0.0194, 0.0280;
}

probability (column4 | column3) {
  (0) 0.0418, 0.0386, 0.0188, 0.0001, 0.0003, 0.0003, 0.0001, 0.0000, 0.0000, 0.0000, 0.0000, 0.0000, 0.0000, 0.0000, 0.0000, 0.0000, 0.0000, 0.0000, 0.0000, 0.0000, 0.0000, 0.0000, 0.0000, 0.0000, 0.0000, 0.0000, 0.0000, 0.0000, 0.0000, 0.0000, 0.0000, 0.0000, 0.0000, 0.0000, 0.0000, 0.0000, 0.0000, 0.0000, 0.9000, 0.0000, 0.0000, 0.0000, 0.0000, 0.0000, 0.0000, 0.0000, 0.0000, 0.0000, 0.0000, 0.0000;
  (1) 0.0848, 0.0068, 0.0063, 0.0008, 0.0008, 0.0002, 0.0003, 0.0000, 0.0000, 0.0000, 0.0000, 0.0000, 0.0000, 0.0000, 0.0000, 0.0000, 0.0000, 0.0000, 0.0000, 0.0000, 0.0000, 0.0000, 0.0000, 0.9000, 0.0000, 0.0000, 0.0000, 0.0000, 0.0000, 0.0000, 0.0000, 0.0000, 0.0000, 0.0000, 0.0000, 0.0000, 0.0000, 0.0000, 0.0000, 0.0000, 0.0000, 0.0000, 0.0000, 0.0000, 0.0000, 0.0000, 0.0000, 0.0000, 0.0000, 0.0000;
  (2) 0.0840, 0.0122, 0.0005, 0.0009, 0.0005, 0.0009, 0.0005, 0.0002, 0.0001, 0.0001, 0.0001, 0.0000, 0.0000, 0.0000, 0.0000, 0.0000, 0.0000, 0.0000, 0.0000, 0.0000, 0.0000, 0.0000, 0.0000, 0.0000, 0.0000, 0.0000, 0.0000, 0.0000, 0.0000, 0.9000, 0.0000, 0.0000, 0.0000, 0.0000, 0.0000, 0.0000, 0.0000, 0.0000, 0.0000, 0.0000, 0.0000, 0.0000, 0.0000, 0.0000, 0.0000, 0.0000, 0.0000, 0.0000, 0.0000, 0.0000;
  (3) 0.0572, 0.0302, 0.0008, 0.0084, 0.0017, 0.0013, 0.0000, 0.0002, 0.0001, 0.0001, 0.0000, 0.0000, 0.0000, 0.0000, 0.0000, 0.0000, 0.0000, 0.0000, 0.0000, 0.0000, 0.0000, 0.0000, 0.0000, 0.0000, 0.0000, 0.0000, 0.0000, 0.9000, 0.0000, 0.0000, 0.0000, 0.0000, 0.0000, 0.0000, 0.0000, 0.0000, 0.0000, 0.0000, 0.0000, 0.0000, 0.0000, 0.0000, 0.0000, 0.0000, 0.0000, 0.0000, 0.0000, 0.0000, 0.0000, 0.0000;
  (4) 0.0814, 0.0003, 0.0136, 0.0016, 0.0025, 0.0004, 0.0000, 0.0000, 0.0001, 0.0000, 0.0001, 0.0000, 0.0000, 0.0000, 0.0000, 0.0000, 0.0000, 0.0000, 0.0000, 0.0000, 0.0000, 0.0000, 0.0000, 0.0000, 0.0000, 0.9000, 0.0000, 0.0000, 0.0000, 0.0000, 0.0000, 0.0000, 0.0000, 0.0000, 0.0000, 0.0000, 0.0000, 0.0000, 0.0000, 0.0000, 0.0000, 0.0000, 0.0000, 0.0000, 0.0000, 0.0000, 0.0000, 0.0000, 0.0000, 0.0000;
  (5) 0.0203, 0.0696, 0.0004, 0.0078, 0.0018, 0.9000, 0.0001, 0.0000, 0.0000, 0.0000, 0.0000, 0.0000, 0.0000, 0.0000, 0.0000, 0.0000, 0.0000, 0.0000, 0.0000, 0.0000, 0.0000, 0.0000, 0.0000, 0.0000, 0.0000, 0.0000, 0.0000, 0.0000, 0.0000, 0.0000, 0.0000, 0.0000, 0.0000, 0.0000, 0.0000, 0.0000, 0.0000, 0.0000, 0.0000, 0.0000, 0.0000, 0.0000, 0.0000, 0.0000, 0.0000, 0.0000, 0.0000, 0.0000, 0.0000, 0.0000;
  (6) 0.0253, 0.0382, 0.0169, 0.0189, 0.0005, 0.0002, 0.0000, 0.0000, 0.0000, 0.0000, 0.0000, 0.0000, 0.0000, 0.0000, 0.0000, 0.0000, 0.0000, 0.0000, 0.0000, 0.0000, 0.0000, 0.0000, 0.0000, 0.0000, 0.0000, 0.0000, 0.0000, 0.0000, 0.0000, 0.0000, 0.0000, 0.0000, 0.0000, 0.9000, 0.0000, 0.0000, 0.0000, 0.0000, 0.0000, 0.0000, 0.0000, 0.0000, 0.0000, 0.0000, 0.0000, 0.0000, 0.0000, 0.0000, 0.0000, 0.0000;
  (7) 0.0129, 0.0649, 0.0065, 0.0051, 0.0033, 0.0043, 0.0016, 0.0013, 0.0001, 0.0000, 0.0000, 0.0000, 0.0000, 0.0000, 0.0000, 0.0000, 0.0000, 0.0000, 0.0000, 0.0000, 0.0000, 0.0000, 0.0000, 0.0000, 0.0000, 0.0000, 0.0000, 0.0000, 0.0000, 0.0000, 0.0000, 0.0000, 0.0000, 0.0000, 0.0000, 0.0000, 0.0000, 0.0000, 0.0000, 0.0000, 0.0000, 0.0000, 0.0000, 0.0000, 0.0000, 0.0000, 0.9000, 0.0000, 0.0000, 0.0000;
  (8) 0.0909, 0.0013, 0.0046, 0.0032, 0.0000, 0.0000, 0.0000, 0.0000, 0.0000, 0.0000, 0.0000, 0.0000, 0.0000, 0.0000, 0.0000, 0.0000, 0.0000, 0.0000, 0.0000, 0.0000, 0.0000, 0.0000, 0.0000, 0.0000, 0.0000, 0.0000, 0.0000, 0.0000, 0.0000, 0.0000, 0.0000, 0.0000, 0.0000, 0.0000, 0.9000, 0.0000, 0.0000, 0.0000, 0.0000, 0.0000, 0.0000, 0.0000, 0.0000, 0.0000, 0.0000, 0.0000, 0.0000, 0.0000, 0.0000, 0.0000;
  (9) 0.0604, 0.0008, 0.0290, 0.0081, 0.0010, 0.0004, 0.0002, 0.0001, 0.0000, 0.0000, 0.0000, 0.0000, 0.9000, 0.0000, 0.0000, 0.0000, 0.0000, 0.0000, 0.0000, 0.0000, 0.0000, 0.0000, 0.0000, 0.0000, 0.0000, 0.0000, 0.0000, 0.0000, 0.0000, 0.0000, 0.0000, 0.0000, 0.0000, 0.0000, 0.0000, 0.0000, 0.0000, 0.0000, 0.0000, 0.0000, 0.0000, 0.0000, 0.0000, 0.0000, 0.0000, 0.0000, 0.0000, 0.0000, 0.0000, 0.0000;
  (10) 0.0175, 0.0555, 0.0034, 0.0013, 0.0217, 0.0002, 0.0003, 0.0001, 0.0000, 0.0000, 0.0000, 0.0000, 0.0000, 0.0000, 0.0000, 0.0000, 0.0000, 0.0000, 0.0000, 0.0000, 0.0000, 0.0000, 0.0000, 0.0000, 0.0000, 0.0000, 0.0000, 0.0000, 0.0000, 0.0000, 0.9000, 0.0000, 0.0000, 0.0000, 0.0000, 0.0000, 0.0000, 0.0000, 0.0000, 0.0000, 0.0000, 0.0000, 0.0000, 0.0000, 0.0000, 0.0000, 0.0000, 0.0000, 0.0000, 0.0000;
  (11) 0.0701, 0.0171, 0.0001, 0.0003, 0.0082, 0.0039, 0.0000, 0.0000, 0.0001, 0.0001, 0.0001, 0.0000, 0.0000, 0.0000, 0.0000, 0.0000, 0.0000, 0.0000, 0.0000, 0.0000, 0.0000, 0.0000, 0.0000, 0.0000, 0.0000, 0.0000, 0.0000, 0.0000, 0.0000, 0.0000, 0.0000, 0.9000, 0.0000, 0.0000, 0.0000, 0.0000, 0.0000, 0.0000, 0.0000, 0.0000, 0.0000, 0.0000, 0.0000, 0.0000, 0.0000, 0.0000, 0.0000, 0.0000, 0.0000, 0.0000;
  (12) 0.0398, 0.0227, 0.0314, 0.0029, 0.0030, 0.0002, 0.0000, 0.0000, 0.0000, 0.0000, 0.0000, 0.0000, 0.0000, 0.0000, 0.0000, 0.0000, 0.0000, 0.0000, 0.0000, 0.0000, 0.0000, 0.0000, 0.0000, 0.0000, 0.0000, 0.0000, 0.0000, 0.0000, 0.0000, 0.0000, 0.0000, 0.0000, 0.0000, 0.0000, 0.0000, 0.0000, 0.0000, 0.0000, 0.0000, 0.0000, 0.0000, 0.0000, 0.0000, 0.0000, 0.0000, 0.0000, 0.0000, 0.0000, 0.0000, 0.9000;
  (13) 0.0681, 0.0047, 0.0151, 0.0023, 0.0074, 0.0014, 0.0007, 0.0002, 0.0000, 0.0000, 0.0000, 0.0001, 0.0000, 0.0000, 0.0000, 0.0000, 0.0000, 0.0000, 0.9000, 0.0000, 0.0000, 0.0000, 0.0000, 0.0000, 0.0000, 0.0000, 0.0000, 0.0000, 0.0000, 0.0000, 0.0000, 0.0000, 0.0000, 0.0000, 0.0000, 0.0000, 0.0000, 0.0000, 0.0000, 0.0000, 0.0000, 0.0000, 0.0000, 0.0000, 0.0000, 0.0000, 0.0000, 0.0000, 0.0000, 0.0000;
  (14) 0.0474, 0.0212, 0.0185, 0.0023, 0.0056, 0.0049, 0.0000, 0.0000, 0.0001, 0.0000, 0.0000, 0.0000, 0.0000, 0.0000, 0.0000, 0.0000, 0.0000, 0.0000, 0.0000, 0.0000, 0.0000, 0.0000, 0.0000, 0.0000, 0.0000, 0.0000, 0.0000, 0.0000, 0.0000, 0.0000, 0.0000, 0.0000, 0.9000, 0.0000, 0.0000, 0.0000, 0.0000, 0.0000, 0.0000, 0.0000, 0.0000, 0.0000, 0.0000, 0.0000, 0.0000, 0.0000, 0.0000, 0.0000, 0.0000, 0.0000;
  (15) 0.0038, 0.0539, 0.0348, 0.0027, 0.0022, 0.0007, 0.0014, 0.0003, 0.0002, 0.0000, 0.0000, 0.0000, 0.0000, 0.0000, 0.0000, 0.0000, 0.0000, 0.0000, 0.0000, 0.0000, 0.0000, 0.0000, 0.0000, 0.0000, 0.0000, 0.0000, 0.9000, 0.0000, 0.0000, 0.0000, 0.0000, 0.0000, 0.0000, 0.0000, 0.0000, 0.0000, 0.0000, 0.0000, 0.0000, 0.0000, 0.0000, 0.0000, 0.0000, 0.0000, 0.0000, 0.0000, 0.0000, 0.0000, 0.0000, 0.0000;
  (16) 0.0942, 0.0058, 0.0000, 0.0000, 0.9000, 0.0000, 0.0000, 0.0000, 0.0000, 0.0000, 0.0000, 0.0000, 0.0000, 0.0000, 0.0000, 0.0000, 0.0000, 0.0000, 0.0000, 0.0000, 0.0000, 0.0000, 0.0000, 0.0000, 0.0000, 0.0000, 0.0000, 0.0000, 0.0000, 0.0000, 0.0000, 0.0000, 0.0000, 0.0000, 0.0000, 0.0000, 0.0000, 0.0000, 0.0000, 0.0000, 0.0000, 0.0000, 0.0000, 0.0000, 0.0000, 0.0000, 0.0000, 0.0000, 0.0000, 0.0000;
  (17) 0.0324, 0.0048, 0.0586, 0.0024, 0.0006, 0.0001, 0.0002, 0.0003, 0.0005, 0.0001, 0.0000, 0.0000, 0.0000, 0.0000, 0.0000, 0.0000, 0.0000, 0.0000, 0.0000, 0.0000, 0.0000, 0.0000, 0.0000, 0.0000, 0.0000, 0.0000, 0.0000, 0.0000, 0.0000, 0.0000, 0.0000, 0.0000, 0.0000, 0.0000, 0.0000, 0.0000, 0.9000, 0.0000, 0.0000, 0.0000, 0.0000, 0.0000, 0.0000, 0.0000, 0.0000, 0.0000, 0.0000, 0.0000, 0.0000, 0.0000;
  (18) 0.0833, 0.0125, 0.0002, 0.0005, 0.0018, 0.0002, 0.0004, 0.0004, 0.0006, 0.0001, 0.0000, 0.0000, 0.0000, 0.0000, 0.0000, 0.0000, 0.0000, 0.0000, 0.0000, 0.0000, 0.0000, 0.0000, 0.9000, 0.0000, 0.0000, 0.0000, 0.0000, 0.0000, 0.0000, 0.0000, 0.0000, 0.0000, 0.0000, 0.0000, 0.0000, 0.0000, 0.0000, 0.0000, 0.0000, 0.0000, 0.0000, 0.0000, 0.0000, 0.0000, 0.0000, 0.0000, 0.0000, 0.0000, 0.0000, 0.0000;
  (19) 0.0485, 0.0226, 0.0032, 0.0162, 0.0052, 0.0022, 0.0018, 0.0003, 0.0000, 0.0000, 0.0000, 0.0000, 0.0000, 0.9000, 0.0000, 0.0000, 0.0000, 0.0000, 0.0000, 0.0000, 0.0000, 0.0000, 0.0000, 0.0000, 0.0000, 0.0000, 0.0000, 0.0000, 0.0000, 0.0000, 0.0000, 0.0000, 0.0000, 0.0000, 0.0000, 0.0000, 0.0000, 0.0000, 0.0000, 0.0000, 0.0000, 0.0000, 0.0000, 0.0000, 0.0000, 0.0000, 0.0000, 0.0000, 0.0000, 0.0000;
  (20) 0.0243, 0.0104, 0.0558, 0.0060, 0.0032, 0.0001, 0.0000, 0.0002, 0.0000, 0.0000, 0.0000, 0.0000, 0.0000, 0.0000, 0.0000, 0.0000, 0.0000, 0.0000, 0.0000, 0.0000, 0.0000, 0.0000, 0.0000, 0.0000, 0.0000, 0.0000, 0.0000, 0.0000, 0.0000, 0.0000, 0.0000, 0.0000, 0.0000, 0.0000, 0.0000, 0.0000, 0.0000, 0.9000, 0.0000, 0.0000, 0.0000, 0.0000, 0.0000, 0.0000, 0.0000, 0.0000, 0.0000, 0.0000, 0.0000, 0.0000;
  (21) 0.0721, 0.0164, 0.0010, 0.0044, 0.0032, 0.0009, 0.0002, 0.0014, 0.0003, 0.0000, 0.0001, 0.0000, 0.0000, 0.0000, 0.0000, 0.9000, 0.0000, 0.0000, 0.0000, 0.0000, 0.0000, 0.0000, 0.0000, 0.0000, 0.0000, 0.0000, 0.0000, 0.0000, 0.0000, 0.0000, 0.0000, 0.0000, 0.0000, 0.0000, 0.0000, 0.0000, 0.0000, 0.0000, 0.0000, 0.0000, 0.0000, 0.0000, 0.0000, 0.0000, 0.0000, 0.0000, 0.0000, 0.0000, 0.0000, 0.0000;
  (22) 0.0337, 0.0657, 0.0005, 0.9000, 0.0000, 0.0001, 0.0000, 0.0000, 0.0000, 0.0000, 0.0000, 0.0000, 0.0000, 0.0000, 0.0000, 0.0000, 0.0000, 0.0000, 0.0000, 0.0000, 0.0000, 0.0000, 0.0000, 0.0000, 0.0000, 0.0000, 0.0000, 0.0000, 0.0000, 0.0000, 0.0000, 0.0000, 0.0000, 0.0000, 0.0000, 0.0000, 0.0000, 0.0000, 0.0000, 0.0000, 0.0000, 0.0000, 0.0000, 0.0000, 0.0000, 0.0000, 0.0000, 0.0000, 0.0000, 0.0000;
  (23) 0.0892, 0.0013, 0.0053, 0.0031, 0.0005, 0.0004, 0.0001, 0.0001, 0.0000, 0.9000, 0.0000, 0.0000, 0.0000, 0.0000, 0.0000, 0.0000, 0.0000, 0.0000, 0.0000, 0.0000, 0.0000, 0.0000, 0.0000, 0.0000, 0.0000, 0.0000, 0.0000, 0.0000, 0.0000, 0.0000, 0.0000, 0.0000, 0.0000, 0.0000, 0.0000, 0.0000, 0.0000, 0.0000, 0.0000, 0.0000, 0.0000, 0.0000, 0.0000, 0.0000, 0.0000, 0.0000, 0.0000, 0.0000, 0.0000, 0.0000;
  (24) 0.0793, 0.0036, 0.0141, 0.0028, 0.0002, 0.0000, 0.0000, 0.0000, 0.0000, 0.0000, 0.0000, 0.0000, 0.0000, 0.0000, 0.0000, 0.0000, 0.0000, 0.0000, 0.0000, 0.0000, 0.0000, 0.0000, 0.0000, 0.0000, 0.0000, 0.0000, 0.0000, 0.0000, 0.9000, 0.0000, 0.0000, 0.0000, 0.0000, 0.0000, 0.0000, 0.0000, 0.0000, 0.0000, 0.0000, 0.0000, 0.0000, 0.0000, 0.0000, 0.0000, 0.0000, 0.0000, 0.0000, 0.0000, 0.0000, 0.0000;
  (25) 0.0164, 0.0393, 0.0215, 0.0046, 0.0163, 0.0009, 0.9000, 0.0003, 0.0003, 0.0001, 0.0002, 0.0001, 0.0000, 0.0000, 0.0000, 0.0000, 0.0000, 0.0000, 0.0000, 0.0000, 0.0000, 0.0000, 0.0000, 0.0000, 0.0000, 0.0000, 0.0000, 0.0000, 0.0000, 0.0000, 0.0000, 0.0000, 0.0000, 0.0000, 0.0000, 0.0000, 0.0000, 0.0000, 0.0000, 0.0000, 0.0000, 0.0000, 0.0000, 0.0000, 0.0000, 0.0000, 0.0000, 0.0000, 0.0000, 0.0000;
  (26) 0.0045, 0.0126, 0.9000, 0.0096, 0.0619, 0.0113, 0.0001, 0.0000, 0.0000, 0.0000, 0.0000, 0.0000, 0.0000, 0.0000, 0.0000, 0.0000, 0.0000, 0.0000, 0.0000, 0.0000, 0.0000, 0.0000, 0.0000, 0.0000, 0.0000, 0.0000, 0.0000, 0.0000, 0.0000, 0.0000, 0.0000, 0.0000, 0.0000, 0.0000, 0.0000, 0.0000, 0.0000, 0.0000, 0.0000, 0.0000, 0.0000, 0.0000, 0.0000, 0.0000, 0.0000, 0.0000, 0.0000, 0.0000, 0.0000, 0.0000;
  (27) 0.0623, 0.0292, 0.0046, 0.0015, 0.0006, 0.0012, 0.0002, 0.0002, 0.0001, 0.0001, 0.0000, 0.0000, 0.0000, 0.0000, 0.0000, 0.0000, 0.0000, 0.0000, 0.0000, 0.0000, 0.0000, 0.0000, 0.0000, 0.0000, 0.0000, 0.0000, 0.0000, 0.0000, 0.0000, 0.0000, 0.0000, 0.0000, 0.0000, 0.0000, 0.0000, 0.0000, 0.0000, 0.0000, 0.0000, 0.0000, 0.0000, 0.0000, 0.0000, 0.9000, 0.0000, 0.0000, 0.0000, 0.0000, 0.0000, 0.0000;
  (28) 0.0469, 0.0125, 0.0389, 0.0006, 0.0009, 0.0001, 0.0001, 0.0000, 0.0000, 0.0000, 0.0000, 0.0000, 0.0000, 0.0000, 0.0000, 0.0000, 0.0000, 0.0000, 0.0000, 0.0000, 0.0000, 0.0000, 0.0000, 0.0000, 0.0000, 0.0000, 0.0000, 0.0000, 0.0000, 0.0000, 0.0000, 0.0000, 0.0000, 0.0000, 0.0000, 0.0000, 0.0000, 0.0000, 0.0000, 0.9000, 0.0000, 0.0000, 0.0000, 0.0000, 0.0000, 0.0000, 0.0000, 0.0000, 0.0000, 0.0000;
  (29) 0.0707, 0.9000, 0.0277, 0.0012, 0.0001, 0.0000, 0.0001, 0.0001, 0.0001, 0.0000, 0.0000, 0.0000, 0.0000, 0.0000, 0.0000, 0.0000, 0.0000, 0.0000, 0.0000, 0.0000, 0.0000, 0.0000, 0.0000, 0.0000, 0.0000, 0.0000, 0.0000, 0.0000, 0.0000, 0.0000, 0.0000, 0.0000, 0.0000, 0.0000, 0.0000, 0.0000, 0.0000, 0.0000, 0.0000, 0.0000, 0.0000, 0.0000, 0.0000, 0.0000, 0.0000, 0.0000, 0.0000, 0.0000, 0.0000, 0.0000;
  (30) 0.0712, 0.0241, 0.0022, 0.0022, 0.0001, 0.0000, 0.0001, 0.0001, 0.9000, 0.0000, 0.0000, 0.0000, 0.0000, 0.0000, 0.0000, 0.0000, 0.0000, 0.0000, 0.0000, 0.0000, 0.0000, 0.0000, 0.0000, 0.0000, 0.0000, 0.0000, 0.0000, 0.0000, 0.0000, 0.0000, 0.0000, 0.0000, 0.0000, 0.0000, 0.0000, 0.0000, 0.0000, 0.0000, 0.0000, 0.0000, 0.0000, 0.0000, 0.0000, 0.0000, 0.0000, 0.0000, 0.0000, 0.0000, 0.0000, 0.0000;
  (31) 0.0052, 0.0328, 0.0120, 0.0481, 0.0006, 0.0002, 0.0005, 0.0004, 0.0002, 0.0000, 0.0000, 0.0000, 0.0000, 0.0000, 0.0000, 0.0000, 0.0000, 0.9000, 0.0000, 0.0000, 0.0000, 0.0000, 0.0000, 0.0000, 0.0000, 0.0000, 0.0000, 0.0000, 0.0000, 0.0000, 0.0000, 0.0000, 0.0000, 0.0000, 0.0000, 0.0000, 0.0000, 0.0000, 0.0000, 0.0000, 0.0000, 0.0000, 0.0000, 0.0000, 0.0000, 0.0000, 0.0000, 0.0000, 0.0000, 0.0000;
  (32) 0.0899, 0.0073, 0.0015, 0.0009, 0.0004, 0.0000, 0.0000, 0.0000, 0.0000, 0.0000, 0.0000, 0.0000, 0.0000, 0.0000, 0.9000, 0.0000, 0.0000, 0.0000, 0.0000, 0.0000, 0.0000, 0.0000, 0.0000, 0.0000, 0.0000, 0.0000, 0.0000, 0.0000, 0.0000, 0.0000, 0.0000, 0.0000, 0.0000, 0.0000, 0.0000, 0.0000, 0.0000, 0.0000, 0.0000, 0.0000, 0.0000, 0.0000, 0.0000, 0.0000, 0.0000, 0.0000, 0.0000, 0.0000, 0.0000, 0.0000;
  (33) 0.0432, 0.0339, 0.0075, 0.0122, 0.0027, 0.0001, 0.0002, 0.0001, 0.0001, 0.0000, 0.0000, 0.0000, 0.0000, 0.0000, 0.0000, 0.0000, 0.0000, 0.0000, 0.0000, 0.0000, 0.0000, 0.9000, 0.0000, 0.0000, 0.0000, 0.0000, 0.0000, 0.0000, 0.0000, 0.0000, 0.0000, 0.0000, 0.0000, 0.0000, 0.0000, 0.0000, 0.0000, 0.0000, 0.0000, 0.0000, 0.0000, 0.0000, 0.0000, 0.0000, 0.0000, 0.0000, 0.0000, 0.0000, 0.0000, 0.0000;
  (34) 0.0239, 0.0588, 0.0071, 0.0053, 0.0042, 0.0006, 0.0001, 0.0000, 0.0000, 0.0000, 0.0000, 0.0000, 0.0000, 0.0000, 0.0000, 0.0000, 0.0000, 0.0000, 0.0000, 0.0000, 0.0000, 0.0000, 0.0000, 0.0000, 0.0000, 0.0000, 0.0000, 0.0000, 0.0000, 0.0000, 0.0000, 0.0000, 0.0000, 0.0000, 0.0000, 0.0000, 0.0000, 0.0000, 0.0000, 0.0000, 0.0000, 0.0000, 0.0000, 0.0000, 0.0000, 0.0000, 0.0000, 0.0000, 0.9000, 0.0000;
  (35) 0.0759, 0.0158, 0.0046, 0.0032, 0.0000, 0.0005, 0.0000, 0.0000, 0.0000, 0.0000, 0.9000, 0.0000, 0.0000, 0.0000, 0.0000, 0.0000, 0.0000, 0.0000, 0.0000, 0.0000, 0.0000, 0.0000, 0.0000, 0.0000, 0.0000, 0.0000, 0.0000, 0.0000, 0.0000, 0.0000, 0.0000, 0.0000, 0.0000, 0.0000, 0.0000, 0.0000, 0.0000, 0.0000, 0.0000, 0.0000, 0.0000, 0.0000, 0.0000, 0.0000, 0.0000, 0.0000, 0.0000, 0.0000, 0.0000, 0.0000;
  (36) 0.0722, 0.0027, 0.0046, 0.0112, 0.0004, 0.0015, 0.0039, 0.0031, 0.0002, 0.0001, 0.0001, 0.0000, 0.0000, 0.0000, 0.0000, 0.0000, 0.0000, 0.0000, 0.0000, 0.0000, 0.0000, 0.0000, 0.0000, 0.0000, 0.0000, 0.0000, 0.0000, 0.0000, 0.0000, 0.0000, 0.0000, 0.0000, 0.0000, 0.0000, 0.0000, 0.0000, 0.0000, 0.0000, 0.0000, 0.0000, 0.0000, 0.9000, 0.0000, 0.0000, 0.0000, 0.0000, 0.0000, 0.0000, 0.0000, 0.0000;
  (37) 0.0102, 0.0338, 0.0009, 0.0121, 0.0148, 0.0122, 0.0093, 0.0049, 0.0001, 0.0005, 0.0000, 0.0007, 0.0004, 0.0000, 0.0000, 0.0000, 0.0001, 0.0000, 0.0000, 0.0000, 0.0000, 0.0000, 0.0000, 0.0000, 0.0000, 0.0000, 0.0000, 0.0000, 0.0000, 0.0000, 0.0000, 0.0000, 0.0000, 0.0000, 0.0000, 0.0000, 0.0000, 0.0000, 0.0000, 0.0000, 0.0000, 0.0000, 0.0000, 0.0000, 0.0000, 0.9000, 0.0000, 0.0000, 0.0000, 0.0000;
  (38) 0.0239, 0.0133, 0.0253, 0.0031, 0.0171, 0.0137, 0.0034, 0.0001, 0.0000, 0.0001, 0.0000, 0.0000, 0.0000, 0.0000, 0.0000, 0.0000, 0.0000, 0.0000, 0.0000, 0.0000, 0.0000, 0.0000, 0.0000, 0.0000, 0.0000, 0.0000, 0.0000, 0.0000, 0.0000, 0.0000, 0.0000, 0.0000, 0.0000, 0.0000, 0.0000, 0.9000, 0.0000, 0.0000, 0.0000, 0.0000, 0.0000, 0.0000, 0.0000, 0.0000, 0.0000, 0.0000, 0.0000, 0.0000, 0.0000, 0.0000;
  (39) 0.0985, 0.0004, 0.0007, 0.0002, 0.0001, 0.0001, 0.0000, 0.0000, 0.0000, 0.0000, 0.0000, 0.9000, 0.0000, 0.0000, 0.0000, 0.0000, 0.0000, 0.0000, 0.0000, 0.0000, 0.0000, 0.0000, 0.0000, 0.0000, 0.0000, 0.0000, 0.0000, 0.0000, 0.0000, 0.0000, 0.0000, 0.0000, 0.0000, 0.0000, 0.0000, 0.0000, 0.0000, 0.0000, 0.0000, 0.0000, 0.0000, 0.0000, 0.0000, 0.0000, 0.0000, 0.0000, 0.0000, 0.0000, 0.0000, 0.0000;
  (40) 0.0383, 0.0584, 0.0026, 0.0004, 0.0001, 0.0002, 0.0000, 0.0000, 0.0000, 0.0000, 0.0000, 0.0000, 0.0000, 0.0000, 0.0000, 0.0000, 0.0000, 0.0000, 0.0000, 0.0000, 0.0000, 0.0000, 0.0000, 0.0000, 0.0000, 0.0000, 0.0000, 0.0000, 0.0000, 0.0000, 0.0000, 0.0000, 0.0000, 0.0000, 0.0000, 0.0000, 0.0000, 0.0000, 0.0000, 0.0000, 0.0000, 0.0000, 0.0000, 0.0000, 0.0000, 0.0000, 0.0000, 0.9000, 0.0000, 0.0000;
  (41) 0.0903, 0.0014, 0.0076, 0.0004, 0.0002, 0.0000, 0.0001, 0.0000, 0.0000, 0.0000, 0.0000, 0.0000, 0.0000, 0.0000, 0.0000, 0.0000, 0.9000, 0.0000, 0.0000, 0.0000, 0.0000, 0.0000, 0.0000, 0.0000, 0.0000, 0.0000, 0.0000, 0.0000, 0.0000, 0.0000, 0.0000, 0.0000, 0.0000, 0.0000, 0.0000, 0.0000, 0.0000, 0.0000, 0.0000, 0.0000, 0.0000, 0.0000, 0.0000, 0.0000, 0.0000, 0.0000, 0.0000, 0.0000, 0.0000, 0.0000;
  (42) 0.0478, 0.0053, 0.0020, 0.0438, 0.0008, 0.0002, 0.0000, 0.0001, 0.0000, 0.0000, 0.0000, 0.0000, 0.0000, 0.0000, 0.0000, 0.0000, 0.0000, 0.0000, 0.0000, 0.0000, 0.0000, 0.0000, 0.0000, 0.0000, 0.9000, 0.0000, 0.0000, 0.0000, 0.0000, 0.0000, 0.0000, 0.0000, 0.0000, 0.0000, 0.0000, 0.0000, 0.0000, 0.0000, 0.0000, 0.0000, 0.0000, 0.0000, 0.0000, 0.0000, 0.0000, 0.0000, 0.0000, 0.0000, 0.0000, 0.0000;
  (43) 0.0468, 0.0455, 0.0076, 0.0001, 0.0000, 0.0000, 0.0000, 0.0000, 0.0000, 0.0000, 0.0000, 0.0000, 0.0000, 0.0000, 0.0000, 0.0000, 0.0000, 0.0000, 0.0000, 0.0000, 0.0000, 0.0000, 0.0000, 0.0000, 0.0000, 0.0000, 0.0000, 0.0000, 0.0000, 0.0000, 0.0000, 0.0000, 0.0000, 0.0000, 0.0000, 0.0000, 0.0000, 0.0000, 0.0000, 0.0000, 0.0000, 0.0000, 0.0000, 0.0000, 0.9000, 0.0000, 0.0000, 0.0000, 0.0000, 0.0000;
  (44) 0.0332, 0.0616, 0.0005, 0.0009, 0.0014, 0.0012, 0.0011, 0.0000, 0.0001, 0.0000, 0.0000, 0.0000, 0.0000, 0.0000, 0.0000, 0.0000, 0.0000, 0.0000, 0.0000, 0.0000, 0.9000, 0.0000, 0.0000, 0.0000, 0.0000, 0.0000, 0.0000, 0.0000, 0.0000, 0.0000, 0.0000, 0.0000, 0.0000, 0.0000, 0.0000, 0.0000, 0.0000, 0.0000, 0.0000, 0.0000, 0.0000, 0.0000, 0.0000, 0.0000, 0.0000, 0.0000, 0.0000, 0.0000, 0.0000, 0.0000;
  (45) 0.0042, 0.0696, 0.0001, 0.0234, 0.0001, 0.0002, 0.0007, 0.9000, 0.0006, 0.0003, 0.0005, 0.0002, 0.0000, 0.0001, 0.0000, 0.0000, 0.0000, 0.0000, 0.0000, 0.0000, 0.0000, 0.0000, 0.0000, 0.0000, 0.0000, 0.0000, 0.0000, 0.0000, 0.0000, 0.0000, 0.0000, 0.0000, 0.0000, 0.0000, 0.0000, 0.0000, 0.0000, 0.0000, 0.0000, 0.0000, 0.0000, 0.0000, 0.0000, 0.0000, 0.0000, 0.0000, 0.0000, 0.0000, 0.0000, 0.0000;
  (46) 0.0182, 0.0266, 0.0494, 0.0018, 0.0004, 0.0023, 0.0010, 0.0001, 0.0002, 0.0000, 0.0000, 0.0000, 0.0000, 0.0000, 0.0000, 0.0000, 0.0000, 0.0000, 0.0000, 0.9000, 0.0000, 0.0000, 0.0000, 0.0000, 0.0000, 0.0000, 0.0000, 0.0000, 0.0000, 0.0000, 0.0000, 0.0000, 0.0000, 0.0000, 0.0000, 0.0000, 0.0000, 0.0000, 0.0000, 0.0000, 0.0000, 0.0000, 0.0000, 0.0000, 0.0000, 0.0000, 0.0000, 0.0000, 0.0000, 0.0000;
  (47) 0.0130, 0.0462, 0.0232, 0.0035, 0.0063, 0.0009, 0.0026, 0.0014, 0.0017, 0.0003, 0.0004, 0.0000, 0.0005, 0.0000, 0.0000, 0.0000, 0.0000, 0.0000, 0.0000, 0.0000, 0.0000, 0.0000, 0.0000, 0.0000, 0.0000, 0.0000, 0.0000, 0.0000, 0.0000, 0.0000, 0.0000, 0.0000, 0.0000, 0.0000, 0.0000, 0.0000, 0.0000, 0.0000, 0.0000, 0.0000, 0.0000, 0.0000, 0.9000, 0.0000, 0.0000, 0.0000, 0.0000, 0.0000, 0.0000, 0.0000;
  (48) 0.0083, 0.0828, 0.0072, 0.0000, 0.0007, 0.0003, 0.0001, 0.0000, 0.0004, 0.0002, 0.0000, 0.0000, 0.0000, 0.0000, 0.0000, 0.0000, 0.0000, 0.0000, 0.0000, 0.0000, 0.0000, 0.0000, 0.0000, 0.0000, 0.0000, 0.0000, 0.0000, 0.0000, 0.0000, 0.0000, 0.0000, 0.0000, 0.0000, 0.0000, 0.0000, 0.0000, 0.0000, 0.0000, 0.0000, 0.0000, 0.9000, 0.0000, 0.0000, 0.0000, 0.0000, 0.0000, 0.0000, 0.0000, 0.0000, 0.0000;
  (49) 0.9000, 0.0432, 0.0414, 0.0022, 0.0036, 0.0002, 0.0082, 0.0004, 0.0003, 0.0004, 0.0001, 0.0000, 0.0000, 0.0000, 0.0000, 0.0000, 0.0000, 0.0000, 0.0000, 0.0000, 0.0000, 0.0000, 0.0000, 0.0000, 0.0000, 0.0000, 0.0000, 0.0000, 0.0000, 0.0000, 0.0000, 0.0000, 0.0000, 0.0000, 0.0000, 0.0000, 0.0000, 0.0000, 0.0000, 0.0000, 0.0000, 0.0000, 0.0000, 0.0000, 0.0000, 0.0000, 0.0000, 0.0000, 0.0000, 0.0000;
}

probability (column5) {
  table 0.2969, 0.1223, 0.0929, 0.2536, 0.2343;
}

probability (column6) {
  table 0.0993, 0.0998, 0.0436, 0.0802, 0.1043, 0.0917, 0.0699, 0.1165, 0.1680, 0.1267;
}

probability (column7 | column5, column6) {
  (0, 0) 0.9000, 0.0504, 0.0081, 0.0415;
  (0, 1) 0.0576, 0.9000, 0.0254, 0.0170;
  (0, 2) 0.0278, 0.0449, 0.0273, 0.9000;
  (0, 3) 0.0107, 0.0713, 0.9000, 0.0180;
  (0, 4) 0.0532, 0.0030, 0.9000, 0.0438;
  (0, 5) 0.0138, 0.9000, 0.0131, 0.0731;
  (0, 6) 0.0236, 0.0618, 0.0146, 0.9000;
  (0, 7) 0.9000, 0.0845, 0.0069, 0.0086;
  (0, 8) 0.0716, 0.0219, 0.0065, 0.9000;
  (0, 9) 0.9000, 0.0224, 0.0340, 0.0436;
  (1, 0) 0.0542, 0.9000, 0.0129, 0.0329;
  (1, 1) 0.0507, 0.0269, 0.9000, 0.0224;
  (1, 2) 0.0744, 0.9000, 0.0060, 0.0196;
  (1, 3) 0.0731, 0.0241, 0.9000, 0.0028;
  (1, 4) 0.0360, 0.0514, 0.0126, 0.9000;
  (1, 5) 0.9000, 0.0107, 0.0748, 0.0145;
  (1, 6) 0.9000, 0.0482, 0.0253, 0.0265;
  (1, 7) 0.0601, 0.0077, 0.0322, 0.9000;
  (1, 8) 0.0835, 0.9000, 0.0132, 0.0033;
  (1, 9) 0.0867, 0.0113, 0.9000, 0.0020;
  (2, 0) 0.9000, 0.0904, 0.0033, 0.0063;
  (2, 1) 0.0613, 0.9000, 0.0170, 0.0217;
  (2, 2) 0.0645, 0.0132, 0.9000, 0.0223;
  (2, 3) 0.0135, 0.0453, 0.0412, 0.9000;
  (2, 4) 0.0346, 0.0225, 0.9000, 0.0429;
  (2, 5) 0.9000, 0.0697, 0.0200, 0.0103;
  (2, 6) 0.0432, 0.9000, 0.0539, 0.0029;
  (2, 7) 0.0678, 0.0182, 0.0140, 0.9000;
  (2, 8) 0.0587, 0.0260, 0.0153, 0.9000;
  (2, 9) 0.0255, 0.0617, 0.9000, 0.0128;
  (3, 0) 0.9000, 0.0217, 0.0317, 0.0466;
  (3, 1) 0.0930, 0.9000, 0.0049, 0.0021;
  (3, 2) 0.0830, 0.9000, 0.0126, 0.0044;
  (3, 3) 0.9000, 0.0974, 0.0020, 0.0006;
  (3, 4) 0.0797, 0.0039, 0.0164, 0.9000;
  (3, 5) 0.0232, 0.0120, 0.9000, 0.0648;
  (3, 6) 0.0111, 0.0299, 0.0590, 0.9000;
  (3, 7) 0.0349, 0.9000, 0.0045, 0.0606;
  (3, 8) 0.0375, 0.0484, 0.9000, 0.0141;
  (3, 9) 0.9000, 0.0667, 0.0028, 0.0305;
  (4, 0) 0.9000, 0.0666, 0.0216, 0.0118;
  (4, 1) 0.0203, 0.0676, 0.0121, 0.9000;
  (4, 2) 0.0433, 0.0345, 0.9000, 0.0222;
  (4, 3) 0.0280, 0.9000, 0.0487, 0.0233;
  (4, 4) 0.0883, 0.0030, 0.0087, 0.9000;
  (4, 5) 0.0034, 0.9000, 0.0138, 0.0828;
  (4, 6) 0.0406, 0.0273, 0.9000, 0.0321;
  (4, 7) 0.9000, 0.0605, 0.0392, 0.0003;
  (4, 8) 0.0111, 0.9000, 0.0317, 0.0572;
  (4, 9) 0.0709, 0.0129, 0.0162, 0.9000;
}

probability (column8) {
  table 0.1816, 0.2558, 0.4180, 0.1446;
}

probability (column9) {
  table 0.1967, 0.2717, 0.2267, 0.3049;
}

probability (column10) {
  table 0.3958, 0.2428, 0.3614;
}

probability (column11 | column8, column9, column10) {
  (0, 0, 0) 0.0036, 0.0964, 0.9000;
  (0, 0, 1) 0.9000, 0.0440, 0.0560;
  (0, 0, 2) 0.0757, 0.9000, 0.0243;
  (0, 1, 0) 0.0388, 0.0612, 0.9000;
  (0, 1, 1) 0.0534, 0.9000, 0.0466;
  (0, 1, 2) 0.9000, 0.0826, 0.0174;
  (0, 2, 0) 0.0619, 0.0381, 0.9000;
  (0, 2, 1) 0.0996, 0.9000, 0.0004;
  (0, 2, 2) 0.9000, 0.0401, 0.0599;
  (0, 3, 0) 0.0935, 0.9000, 0.0065;
  (0, 3, 1) 0.0900, 0.0100, 0.9000;
  (0, 3, 2) 0.9000, 0.0578, 0.0422;
  (1, 0, 0) 0.0047, 0.9000, 0.0953;
  (1, 0, 1) 0.0699, 0.0301, 0.9000;
  (1, 0, 2) 0.9000, 0.0713, 0.0287;
  (1, 1, 0) 0.0021, 0.0979, 0.9000;
  (1, 1, 1) 0.9000, 0.0609, 0.0391;
  (1, 1, 2) 0.0964, 0.9000, 0.0036;
  (1, 2, 0) 0.9000, 0.0629, 0.0371;
  (1, 2, 1) 0.0288, 0.9000, 0.0712;
  (1, 2, 2) 0.0807, 0.0193, 0.9000;
  (1, 3, 0) 0.0242, 0.0758, 0.9000;
  (1, 3, 1) 0.0326, 0.9000, 0.0674;
  (1, 3, 2) 0.9000, 0.0421, 0.0579;
  (2, 0, 0) 0.0928, 0.0072, 0.9000;
  (2, 0, 1) 0.0903, 0.9000, 0.0097;
  (2, 0, 2) 0.9000, 0.0823, 0.0177;
  (2, 1, 0) 0.9000, 0.0509, 0.0491;
  (2, 1, 1) 0.0310, 0.0690, 0.9000;
  (2, 1, 2) 0.0039, 0.9000, 0.0961;
  (2, 2, 0) 0.0594, 0.9000, 0.0406;
  (2, 2, 1) 0.0839, 0.0161, 0.9000;
  (2, 2, 2) 0.9000, 0.0731, 0.0269;
  (2, 3, 0) 0.9000, 0.0144, 0.0856;
  (2, 3, 1) 0.0675, 0.0325, 0.9000;
  (2, 3, 2) 0.0338, 0.9000, 0.0662;
  (3, 0, 0) 0.0470, 0.0530, 0.9000;
  (3, 0, 1) 0.0944, 0.9000, 0.0056;
  (3, 0, 2) 0.9000, 0.0065, 0.0935;
  (3, 1, 0) 0.0801, 0.0199, 0.9000;
  (3, 1, 1) 0.0334, 0.9000, 0.0666;
  (3, 1, 2) 0.9000, 0.0077, 0.0923;
  (3, 2, 0) 0.0897, 0.0103, 0.9000;
  (3, 2, 1) 0.9000, 0.0026, 0.0974;
  (3, 2, 2) 0.0379, 0.9000, 0.0621;
  (3, 3, 0) 0.0206, 0.0794, 0.9000;
  (3, 3, 1) 0.0220, 0.9000, 0.0780;
  (3, 3, 2) 0.9000, 0.0594, 0.0406;
}

probability (column12 | column4) {
  (0) 0.5000, 0.3703, 0.1090, 0.0206, 0.0001;
  (1) 0.4057, 0.0768, 0.0116, 0.0059, 0.5000;
  (2) 0.0565, 0.3269, 0.5000, 0.0082, 0.1084;
  (3) 0.2515, 0.1324, 0.0189, 0.5000, 0.0972;
  (4) 0.3838, 0.5000, 0.0366, 0.0099, 0.0697;
  (5) 0.5000, 0.0301, 0.0539, 0.2042, 0.2118;
  (6) 0.0881, 0.1690, 0.5000, 0.0441, 0.1988;
  (7) 0.0496, 0.1851, 0.1693, 0.0960, 0.5000;
  (8) 0.0810, 0.3995, 0.0032, 0.5000, 0.0163;
  (9) 0.4110, 0.5000, 0.0486, 0.0242, 0.0162;
  (10) 0.2675, 0.1713, 0.0115, 0.5000, 0.0497;
  (11) 0.4362, 0.0065, 0.5000, 0.0105, 0.0468;
  (12) 0.1695, 0.2245, 0.0314, 0.0746, 0.5000;
  (13) 0.3035, 0.5000, 0.1191, 0.0755, 0.0019;
  (14) 0.5000, 0.4648, 0.0163, 0.0172, 0.0017;
  (15) 0.5000, 0.4884, 0.0101, 0.0002, 0.0013;
  (16) 0.2868, 0.0301, 0.5000, 0.1790, 0.0041;
  (17) 0.0769, 0.4116, 0.0089, 0.0026, 0.5000;
  (18) 0.2235, 0.5000, 0.2042, 0.0483, 0.0240;
  (19) 0.1276, 0.3536, 0.0022, 0.5000, 0.0166;
  (20) 0.2079, 0.1169, 0.5000, 0.1132, 0.0620;
  (21) 0.0260, 0.5000, 0.2079, 0.1108, 0.1553;
  (22) 0.4976, 0.0006, 0.0010, 0.5000, 0.0008;
  (23) 0.5000, 0.1792, 0.1868, 0.0362, 0.0978;
  (24) 0.3014, 0.0696, 0.0891, 0.0399, 0.5000;
  (25) 0.4791, 0.5000, 0.0002, 0.0097, 0.0110;
  (26) 0.3279, 0.1711, 0.0001, 0.0009, 0.5000;
  (27) 0.2901, 0.1024, 0.5000, 0.0166, 0.0909;
  (28) 0.5000, 0.2296, 0.2638, 0.0062, 0.0004;
  (29) 0.1182, 0.1809, 0.0946, 0.5000, 0.1063;
  (30) 0.0835, 0.5000, 0.2204, 0.1369, 0.0592;
  (31) 0.5000, 0.3679, 0.0921, 0.0158, 0.0242;
  (32) 0.3485, 0.1201, 0.0019, 0.0295, 0.5000;
  (33) 0.3625, 0.0843, 0.5000, 0.0257, 0.0275;
  (34) 0.4292, 0.0133, 0.0098, 0.5000, 0.0477;
  (35) 0.1025, 0.3425, 0.0286, 0.0264, 0.5000;
  (36) 0.3861, 0.0456, 0.0140, 0.5000, 0.0543;
  (37) 0.4756, 0.0026, 0.5000, 0.0196, 0.0022;
  (38) 0.1781, 0.5000, 0.1553, 0.0337, 0.1329;
  (39) 0.5000, 0.4323, 0.0339, 0.0267, 0.0071;
  (40) 0.3321, 0.0992, 0.5000, 0.0591, 0.0096;
  (41) 0.0407, 0.2534, 0.1124, 0.5000, 0.0935;
  (42) 0.5000, 0.1550, 0.2289, 0.0395, 0.0766;
  (43) 0.3468, 0.0027, 0.0605, 0.0900, 0.5000;
  (44) 0.3372, 0.5000, 0.1342, 0.0009, 0.0277;
  (45) 0.4912, 0.0083, 0.0002, 0.0003, 0.5000;
  (46) 0.2418, 0.5000, 0.1644, 0.0537, 0.0401;
  (47) 0.1053, 0.2297, 0.5000, 0.0230, 0.1420;
  (48) 0.5000, 0.2238, 0.0466, 0.0773, 0.1523;
  (49) 0.2838, 0.0753, 0.0753, 0.5000, 0.0656;
}

probability (column13 | column4) {
  (0) 0.0646, 0.3897, 0.0068, 0.0389, 0.5000;
  (1) 0.4305, 0.0522, 0.5000, 0.0050, 0.0123;
  (2) 0.1615, 0.3242, 0.0040, 0.5000, 0.0103;
  (3) 0.2845, 0.5000, 0.0562, 0.1432, 0.0161;
  (4) 0.5000, 0.3957, 0.0483, 0.0009, 0.0551;
  (5) 0.5000, 0.0853, 0.2992, 0.1077, 0.0078;
  (6) 0.0089, 0.5000, 0.1512, 0.1638, 0.1761;
  (7) 0.1956, 0.0594, 0.1782, 0.0668, 0.5000;
  (8) 0.2922, 0.0733, 0.0878, 0.5000, 0.0467;
  (9) 0.4096, 0.0060, 0.5000, 0.0065, 0.0779;
  (10) 0.5000, 0.2986, 0.1450, 0.0356, 0.0208;
  (11) 0.1582, 0.5000, 0.3379, 0.0001, 0.0038;
  (12) 0.4797, 0.0008, 0.0049, 0.0146, 0.5000;
  (13) 0.4069, 0.0437, 0.0488, 0.5000, 0.0006;
  (14) 0.0356, 0.0942, 0.5000, 0.1251, 0.2451;
  (15) 0.0113, 0.1075, 0.0660, 0.3152, 0.5000;
  (16) 0.5000, 0.3277, 0.0588, 0.0126, 0.1009;
  (17) 0.0174, 0.5000, 0.3194, 0.0393, 0.1239;
  (18) 0.2534, 0.2134, 0.0208, 0.5000, 0.0124;
  (19) 0.1326, 0.2139, 0.5000, 0.1229, 0.0306;
  (20) 0.1218, 0.2541, 0.5000, 0.0347, 0.0894;
  (21) 0.2809, 0.5000, 0.1795, 0.0242, 0.0154;
  (22) 0.5000, 0.3216, 0.1055, 0.0011, 0.0718;
  (23) 0.2872, 0.0990, 0.0770, 0.0368, 0.5000;
  (24) 0.4380, 0.0613, 0.0000, 0.5000, 0.0007;
  (25) 0.4501, 0.0413, 0.0056, 0.0030, 0.5000;
  (26) 0.3506, 0.5000, 0.0770, 0.0370, 0.0354;
  (27) 0.5000, 0.3496, 0.1326, 0.0173, 0.0005;
  (28) 0.2147, 0.1694, 0.1038, 0.5000, 0.0121;
  (29) 0.3747, 0.0761, 0.5000, 0.0203, 0.0289;
  (30) 0.5000, 0.4718, 0.0218, 0.0064, 0.0000;
  (31) 0.3802, 0.0483, 0.0485, 0.0230, 0.5000;
  (32) 0.1474, 0.2857, 0.0549, 0.5000, 0.0120;
  (33) 0.1693, 0.5000, 0.0500, 0.1366, 0.1441;
  (34) 0.4262, 0.0730, 0.5000, 0.0005, 0.0003;
  (35) 0.1262, 0.2509, 0.0894, 0.0335, 0.5000;
  (36) 0.5000, 0.4934, 0.0023, 0.0010, 0.0033;
  (37) 0.2859, 0.5000, 0.0448, 0.0424, 0.1269;
  (38) 0.2327, 0.1301, 0.5000, 0.0170, 0.1202;
  (39) 0.1849, 0.0606, 0.1377, 0.5000, 0.1168;
  (40) 0.5000, 0.3093, 0.1715, 0.0044, 0.0148;
  (41) 0.3416, 0.1305, 0.0273, 0.5000, 0.0006;
  (42) 0.3661, 0.0102, 0.0159, 0.1078, 0.5000;
  (43) 0.1124, 0.0500, 0.5000, 0.0758, 0.2618;
  (44) 0.4929, 0.5000, 0.0056, 0.0012, 0.0003;
  (45) 0.1753, 0.1720, 0.0858, 0.0669, 0.5000;
  (46) 0.5000, 0.2122, 0.1660, 0.0906, 0.0312;
  (47) 0.4244, 0.0656, 0.5000, 0.0056, 0.0044;
  (48) 0.2883, 0.1189, 0.0352, 0.5000, 0.0576;
  (49) 0.0152, 0.5000, 0.2026, 0.1884, 0.0938;
}

probability (column14 | column2) {
  (0) 0.1596, 0.0938, 0.1607, 0.5000, 0.0859;
  (1) 0.5000, 0.0212, 0.3286, 0.0423, 0.1079;
  (2) 0.1552, 0.5000, 0.2047, 0.1034, 0.0367;
  (3) 0.4833, 0.0145, 0.0001, 0.0021, 0.5000;
  (4) 0.3944, 0.0840, 0.5000, 0.0034, 0.0182;
  (5) 0.2949, 0.5000, 0.1288, 0.0066, 0.0697;
  (6) 0.5000, 0.2571, 0.0696, 0.1593, 0.0140;
}

probability (column15 | column2) {
  (0) 0.1965, 0.0395, 0.5000, 0.1813, 0.0827;
  (1) 0.5000, 0.4715, 0.0198, 0.0074, 0.0013;
  (2) 0.2267, 0.0524, 0.0778, 0.1431, 0.5000;
  (3) 0.4058, 0.5000, 0.0611, 0.0302, 0.0029;
  (4) 0.2691, 0.1666, 0.0573, 0.5000, 0.0070;
  (5) 0.0900, 0.5000, 0.3390, 0.0611, 0.0099;
  (6) 0.4570, 0.0348, 0.0018, 0.0064, 0.5000;
}

probability (column16 | column7) {
  (0) 0.3340, 0.0892, 0.0127, 0.5000, 0.0641;
  (1) 0.3527, 0.0454, 0.0204, 0.0815, 0.5000;
  (2) 0.5000, 0.1673, 0.1247, 0.0925, 0.1155;
  (3) 0.4916, 0.5000, 0.0040, 0.0021, 0.0023;
}

probability (column17 | column7) {
  (0) 0.3484, 0.1334, 0.0181, 0.0001, 0.5000;
