network unknown {
}
variable column1 {
  type discrete[800] { 0, 1, 2, 3, 4, 5, 6, 7, 8, 9, 10, 11, 12, 13, 14, 15, 16, 17, 18, 19, 20, 21, 22, 23, 24, 25, 26, 27, 28, 29, 30, 31, 32, 33, 34, 35, 36, 37, 38, 39, 40, 41, 42, 43, 44, 45, 46, 47, 48, 49, 50, 51, 52, 53, 54, 55, 56, 57, 58, 59, 60, 61, 62, 63, 64, 65, 66, 67, 68, 69, 70, 71, 72, 73, 74, 75, 76, 77, 78, 79, 80, 81, 82, 83, 84, 85, 86, 87, 88, 89, 90, 91, 92, 93, 94, 95, 96, 97, 98, 99, 100, 101, 102, 103, 104, 105, 106, 107, 108, 109, 110, 111, 112, 113, 114, 115, 116, 117, 118, 119, 120, 121, 122, 123, 124, 125, 126, 127, 128, 129, 130, 131, 132, 133, 134, 135, 136, 137, 138, 139, 140, 141, 142, 143, 144, 145, 146, 147, 148, 149, 150, 151, 152, 153, 154, 155, 156, 157, 158, 159, 160, 161, 162, 163, 164, 165, 166, 167, 168, 169, 170, 171, 172, 173, 174, 175, 176, 177, 178, 179, 180, 181, 182, 183, 184, 185, 186, 187, 188, 189, 190, 191, 192, 193, 194, 195, 196, 197, 198, 199, 200, 201, 202, 203, 204, 205, 206, 207, 208, 209, 210, 211, 212, 213, 214, 215, 216, 217, 218, 219, 220, 221, 222, 223, 224, 225, 226, 227, 228, 229, 230, 231, 232, 233, 234, 235, 236, 237, 238, 239, 240, 241, 242, 243, 244, 245, 246, 247, 248, 249, 250, 251, 252, 253, 254, 255, 256, 257, 258, 259, 260, 261, 262, 263, 264, 265, 266, 267, 268, 269, 270, 271, 272, 273, 274, 275, 276, 277, 278, 279, 280, 281, 282, 283, 284, 285, 286, 287, 288, 289, 290, 291, 292, 293, 294, 295, 296, 297, 298, 299, 300, 301, 302, 303, 304, 305, 306, 307, 308, 309, 310, 311, 312, 313, 314, 315, 316, 317, 318, 319, 320, 321, 322, 323, 324, 325, 326, 327, 328, 329, 330, 331, 332, 333, 334, 335, 336, 337, 338, 339, 340, 341, 342, 343, 344, 345, 346, 347, 348, 349, 350, 351, 352, 353, 354, 355, 356, 357, 358, 359, 360, 361, 362, 363, 364, 365, 366, 367, 368, 369, 370, 371, 372, 373, 374, 375, 376, 377, 378, 379, 380, 381, 382, 383, 384, 385, 386, 387, 388, 389, 390, 391, 392, 393, 394, 395, 396, 397, 398, 399, 400, 401, 402, 403, 404, 405, 406, 407, 408, 409, 410, 411, 412, 413, 414, 415, 416, 417, 418, 419, 420, 421, 422, 423, 424, 425, 426, 427, 428, 429, 430, 431, 432, 433, 434, 435, 436, 437, 438, 439, 440, 441, 442, 443, 444, 445, 446, 447, 448, 449, 450, 451, 452, 453, 454, 455, 456, 457, 458, 459, 460, 461, 462, 463, 464, 465, 466, 467, 468, 469, 470, 471, 472, 473, 474, 475, 476, 477, 478, 479, 480, 481, 482, 483, 484, 485, 486, 487, 488, 489, 490, 491, 492, 493, 494, 495, 496, 497, 498, 499, 500, 501, 502, 503, 504, 505, 506, 507, 508, 509, 510, 511, 512, 513, 514, 515, 516, 517, 518, 519, 520, 521, 522, 523, 524, 525, 526, 527, 528, 529, 530, 531, 532, 533, 534, 535, 536, 537, 538, 539, 540, 541, 542, 543, 544, 545, 546, 547, 548, 549, 550, 551, 552, 553, 554, 555, 556, 557, 558, 559, 560, 561, 562, 563, 564, 565, 566, 567, 568, 569, 570, 571, 572, 573, 574, 575, 576, 577, 578, 579, 580, 581, 582, 583, 584, 585, 586, 587, 588, 589, 590, 591, 592, 593, 594, 595, 596, 597, 598, 599, 600, 601, 602, 603, 604, 605, 606, 607, 608, 609, 610, 611, 612, 613, 614, 615, 616, 617, 618, 619, 620, 621, 622, 623, 624, 625, 626, 627, 628, 629, 630, 631, 632, 633, 634, 635, 636, 637, 638, 639, 640, 641, 642, 643, 644, 645, 646, 647, 648, 649, 650, 651, 652, 653, 654, 655, 656, 657, 658, 659, 660, 661, 662, 663, 664, 665, 666, 667, 668, 669, 670, 671, 672, 673, 674, 675, 676, 677, 678, 679, 680, 681, 682, 683, 684, 685, 686, 687, 688, 689, 690, 691, 692, 693, 694, 695, 696, 697, 698, 699, 700, 701, 702, 703, 704, 705, 706, 707, 708, 709, 710, 711, 712, 713, 714, 715, 716, 717, 718, 719, 720, 721, 722, 723, 724, 725, 726, 727, 728, 729, 730, 731, 732, 733, 734, 735, 736, 737, 738, 739, 740, 741, 742, 743, 744, 745, 746, 747, 748, 749, 750, 751, 752, 753, 754, 755, 756, 757, 758, 759, 760, 761, 762, 763, 764, 765, 766, 767, 768, 769, 770, 771, 772, 773, 774, 775, 776, 777, 778, 779, 780, 781, 782, 783, 784, 785, 786, 787, 788, 789, 790, 791, 792, 793, 794, 795, 796, 797, 798, 799 };
}
variable column2 {
  type discrete[7] { 0, 1, 2, 3, 4, 5, 6 };
}
variable column3 {
  type discrete[600] { 0, 1, 2, 3, 4, 5, 6, 7, 8, 9, 10, 11, 12, 13, 14, 15, 16, 17, 18, 19, 20, 21, 22, 23, 24, 25, 26, 27, 28, 29, 30, 31, 32, 33, 34, 35, 36, 37, 38, 39, 40, 41, 42, 43, 44, 45, 46, 47, 48, 49, 50, 51, 52, 53, 54, 55, 56, 57, 58, 59, 60, 61, 62, 63, 64, 65, 66, 67, 68, 69, 70, 71, 72, 73, 74, 75, 76, 77, 78, 79, 80, 81, 82, 83, 84, 85, 86, 87, 88, 89, 90, 91, 92, 93, 94, 95, 96, 97, 98, 99, 100, 101, 102, 103, 104, 105, 106, 107, 108, 109, 110, 111, 112, 113, 114, 115, 116, 117, 118, 119, 120, 121, 122, 123, 124, 125, 126, 127, 128, 129, 130, 131, 132, 133, 134, 135, 136, 137, 138, 139, 140, 141, 142, 143, 144, 145, 146, 147, 148, 149, 150, 151, 152, 153, 154, 155, 156, 157, 158, 159, 160, 161, 162, 163, 164, 165, 166, 167, 168, 169, 170, 171, 172, 173, 174, 175, 176, 177, 178, 179, 180, 181, 182, 183, 184, 185, 186, 187, 188, 189, 190, 191, 192, 193, 194, 195, 196, 197, 198, 199, 200, 201, 202, 203, 204, 205, 206, 207, 208, 209, 210, 211, 212, 213, 214, 215, 216, 217, 218, 219, 220, 221, 222, 223, 224, 225, 226, 227, 228, 229, 230, 231, 232, 233, 234, 235, 236, 237, 238, 239, 240, 241, 242, 243, 244, 245, 246, 247, 248, 249, 250, 251, 252, 253, 254, 255, 256, 257, 258, 259, 260, 261, 262, 263, 264, 265, 266, 267, 268, 269, 270, 271, 272, 273, 274, 275, 276, 277, 278, 279, 280, 281, 282, 283, 284, 285, 286, 287, 288, 289, 290, 291, 292, 293, 294, 295, 296, 297, 298, 299, 300, 301, 302, 303, 304, 305, 306, 307, 308, 309, 310, 311, 312, 313, 314, 315, 316, 317, 318, 319, 320, 321, 322, 323, 324, 325, 326, 327, 328, 329, 330, 331, 332, 333, 334, 335, 336, 337, 338, 339, 340, 341, 342, 343, 344, 345, 346, 347, 348, 349, 350, 351, 352, 353, 354, 355, 356, 357, 358, 359, 360, 361, 362, 363, 364, 365, 366, 367, 368, 369, 370, 371, 372, 373, 374, 375, 376, 377, 378, 379, 380, 381, 382, 383, 384, 385, 386, 387, 388, 389, 390, 391, 392, 393, 394, 395, 396, 397, 398, 399, 400, 401, 402, 403, 404, 405, 406, 407, 408, 409, 410, 411, 412, 413, 414, 415, 416, 417, 418, 419, 420, 421, 422, 423, 424, 425, 426, 427, 428, 429, 430, 431, 432, 433, 434, 435, 436, 437, 438, 439, 440, 441, 442, 443, 444, 445, 446, 447, 448, 449, 450, 451, 452, 453, 454, 455, 456, 457, 458, 459, 460, 461, 462, 463, 464, 465, 466, 467, 468, 469, 470, 471, 472, 473, 474, 475, 476, 477, 478, 479, 480, 481, 482, 483, 484, 485, 486, 487, 488, 489, 490, 491, 492, 493, 494, 495, 496, 497, 498, 499, 500, 501, 502, 503, 504, 505, 506, 507, 508, 509, 510, 511, 512, 513, 514, 515, 516, 517, 518, 519, 520, 521, 522, 523, 524, 525, 526, 527, 528, 529, 530, 531, 532, 533, 534, 535, 536, 537, 538, 539, 540, 541, 542, 543, 544, 545, 546, 547, 548, 549, 550, 551, 552, 553, 554, 555, 556, 557, 558, 559, 560, 561, 562, 563, 564, 565, 566, 567, 568, 569, 570, 571, 572, 573, 574, 575, 576, 577, 578, 579, 580, 581, 582, 583, 584, 585, 586, 587, 588, 589, 590, 591, 592, 593, 594, 595, 596, 597, 598, 599 };
}
variable column4 {
  type discrete[600] { 0, 1, 2, 3, 4, 5, 6, 7, 8, 9, 10, 11, 12, 13, 14, 15, 16, 17, 18, 19, 20, 21, 22, 23, 24, 25, 26, 27, 28, 29, 30, 31, 32, 33, 34, 35, 36, 37, 38, 39, 40, 41, 42, 43, 44, 45, 46, 47, 48, 49, 50, 51, 52, 53, 54, 55, 56, 57, 58, 59, 60, 61, 62, 63, 64, 65, 66, 67, 68, 69, 70, 71, 72, 73, 74, 75, 76, 77, 78, 79, 80, 81, 82, 83, 84, 85, 86, 87, 88, 89, 90, 91, 92, 93, 94, 95, 96, 97, 98, 99, 100, 101, 102, 103, 104, 105, 106, 107, 108, 109, 110, 111, 112, 113, 114, 115, 116, 117, 118, 119, 120, 121, 122, 123, 124, 125, 126, 127, 128, 129, 130, 131, 132, 133, 134, 135, 136, 137, 138, 139, 140, 141, 142, 143, 144, 145, 146, 147, 148, 149, 150, 151, 152, 153, 154, 155, 156, 157, 158, 159, 160, 161, 162, 163, 164, 165, 166, 167, 168, 169, 170, 171, 172, 173, 174, 175, 176, 177, 178, 179, 180, 181, 182, 183, 184, 185, 186, 187, 188, 189, 190, 191, 192, 193, 194, 195, 196, 197, 198, 199, 200, 201, 202, 203, 204, 205, 206, 207, 208, 209, 210, 211, 212, 213, 214, 215, 216, 217, 218, 219, 220, 221, 222, 223, 224, 225, 226, 227, 228, 229, 230, 231, 232, 233, 234, 235, 236, 237, 238, 239, 240, 241, 242, 243, 244, 245, 246, 247, 248, 249, 250, 251, 252, 253, 254, 255, 256, 257, 258, 259, 260, 261, 262, 263, 264, 265, 266, 267, 268, 269, 270, 271, 272, 273, 274, 275, 276, 277, 278, 279, 280, 281, 282, 283, 284, 285, 286, 287, 288, 289, 290, 291, 292, 293, 294, 295, 296, 297, 298, 299, 300, 301, 302, 303, 304, 305, 306, 307, 308, 309, 310, 311, 312, 313, 314, 315, 316, 317, 318, 319, 320, 321, 322, 323, 324, 325, 326, 327, 328, 329, 330, 331, 332, 333, 334, 335, 336, 337, 338, 339, 340, 341, 342, 343, 344, 345, 346, 347, 348, 349, 350, 351, 352, 353, 354, 355, 356, 357, 358, 359, 360, 361, 362, 363, 364, 365, 366, 367, 368, 369, 370, 371, 372, 373, 374, 375, 376, 377, 378, 379, 380, 381, 382, 383, 384, 385, 386, 387, 388, 389, 390, 391, 392, 393, 394, 395, 396, 397, 398, 399, 400, 401, 402, 403, 404, 405, 406, 407, 408, 409, 410, 411, 412, 413, 414, 415, 416, 417, 418, 419, 420, 421, 422, 423, 424, 425, 426, 427, 428, 429, 430, 431, 432, 433, 434, 435, 436, 437, 438, 439, 440, 441, 442, 443, 444, 445, 446, 447, 448, 449, 450, 451, 452, 453, 454, 455, 456, 457, 458, 459, 460, 461, 462, 463, 464, 465, 466, 467, 468, 469, 470, 471, 472, 473, 474, 475, 476, 477, 478, 479, 480, 481, 482, 483, 484, 485, 486, 487, 488, 489, 490, 491, 492, 493, 494, 495, 496, 497, 498, 499, 500, 501, 502, 503, 504, 505, 506, 507, 508, 509, 510, 511, 512, 513, 514, 515, 516, 517, 518, 519, 520, 521, 522, 523, 524, 525, 526, 527, 528, 529, 530, 531, 532, 533, 534, 535, 536, 537, 538, 539, 540, 541, 542, 543, 544, 545, 546, 547, 548, 549, 550, 551, 552, 553, 554, 555, 556, 557, 558, 559, 560, 561, 562, 563, 564, 565, 566, 567, 568, 569, 570, 571, 572, 573, 574, 575, 576, 577, 578, 579, 580, 581, 582, 583, 584, 585, 586, 587, 588, 589, 590, 591, 592, 593, 594, 595, 596, 597, 598, 599 };
}
variable column5 {
  type discrete[30] { 0, 1, 2, 3, 4, 5, 6, 7, 8, 9, 10, 11, 12, 13, 14, 15, 16, 17, 18, 19, 20, 21, 22, 23, 24, 25, 26, 27, 28, 29 };
}
variable column6 {
  type discrete[20] { 0, 1, 2, 3, 4, 5, 6, 7, 8, 9, 10, 11, 12, 13, 14, 15, 16, 17, 18, 19 };
}
variable column7 {
  type discrete[7] { 0, 1, 2, 3, 4, 5, 6 };
}
variable column8 {
  type discrete[11] { 0, 1, 2, 3, 4, 5, 6, 7, 8, 9, 10 };
}
variable column9 {
  type discrete[10] { 0, 1, 2, 3, 4, 5, 6, 7, 8, 9 };
}
variable column10 {
  type discrete[6] { 0, 1, 2, 3, 4, 5 };
}
variable column11 {
  type discrete[7] { 0, 1, 2, 3, 4, 5, 6 };
}
variable column12 {
  type discrete[5] { 0, 1, 2, 3, 4 };
}
variable column13 {
  type discrete[5] { 0, 1, 2, 3, 4 };
}
variable column14 {
  type discrete[5] { 0, 1, 2, 3, 4 };
}
variable column15 {
  type discrete[5] { 0, 1, 2, 3, 4 };
}
variable column16 {
  type discrete[5] { 0, 1, 2, 3, 4 };
}
variable column17 {
  type discrete[5] { 0, 1, 2, 3, 4 };
}
variable column18 {
  type discrete[5] { 0, 1, 2, 3, 4 };
}
variable column19 {
  type discrete[5] { 0, 1, 2, 3, 4 };
}
variable column20 {
  type discrete[5] { 0, 1, 2, 3, 4 };
}

probability (column1) {
  table 0.0009, 0.0016, 0.0007, 0.0009, 0.0010, 0.0005, 0.0013, 0.0007, 0.0008, 0.0007, 0.0024, 0.0004, 0.0007, 0.0016, 0.0012, 0.0011, 0.0022, 0.0020, 0.0008, 0.0015, 0.0018, 0.0014, 0.0012, 0.0014, 0.0012, 0.0005, 0.0012, 0.0005, 0.0010, 0.0018, 0.0019, 0.0020, 0.0017, 0.0019, 0.0006, 0.0011, 0.0007, 0.0011, 0.0011, 0.0013, 0.0022, 0.0013, 0.0010, 0.0015, 0.0014, 0.0013, 0.0004, 0.0012, 0.0010, 0.0026, 0.0025, 0.0021, 0.0009, 0.0019, 0.0010, 0.0004, 0.0010, 0.0007, 0.0010, 0.0009, 0.0005, 0.0004, 0.0009, 0.0009, 0.0014, 0.0021, 0.0008, 0.0023, 0.0011, 0.0011, 0.0021, 0.0008, 0.0009, 0.0019, 0.0012, 0.0007, 0.0012, 0.0021, 0.0009, 0.0014, 0.0019, 0.0007, 0.0016, 0.0010, 0.0010, 0.0006, 0.0016, 0.0017, 0.0012, 0.0013, 0.0003, 0.0014, 0.0009, 0.0007, 0.0013, 0.0013, 0.0006, 0.0012, 0.0014, 0.0011, 0.0015, 0.0010, 0.0004, 0.0016, 0.0007, 0.0014, 0.0007, 0.0009, 0.0008, 0.0008, 0.0010, 0.0028, 0.0012, 0.0017, 0.0015, 0.0009, 0.0003, 0.0019, 0.0008, 0.0004, 0.0005, 0.0014, 0.0005, 0.0015, 0.0011, 0.0016, 0.0020, 0.0018, 0.0009, 0.0019, 0.0011, 0.0008, 0.0005, 0.0013, 0.0006, 0.0008, 0.0008, 0.0013, 0.0005, 0.0010, 0.0007, 0.0006, 0.0008, 0.0025, 0.0015, 0.0009, 0.0004, 0.0009, 0.0013, 0.0011, 0.0012, 0.0013, 0.0016, 0.0021, 0.0009, 0.0012, 0.0009, 0.0011, 0.0015, 0.0017, 0.0009, 0.0022, 0.0011, 0.0013, 0.0013, 0.0013, 0.0011, 0.0011, 0.0011, 0.0009, 0.0012, 0.0010, 0.0005, 0.0008, 0.0020, 0.0011, 0.0019, 0.0019, 0.0012, 0.0010, 0.0009, 0.0008, 0.0013, 0.0010, 0.0012, 0.0012, 0.0020, 0.0023, 0.0021, 0.0007, 0.0015, 0.0025, 0.0022, 0.0007, 0.0004, 0.0005, 0.0010, 0.0018, 0.0024, 0.0009, 0.0007, 0.0013, 0.0008, 0.0008, 0.0018, 0.0021, 0.0012, 0.0019, 0.0016, 0.0009, 0.0007, 0.0009, 0.0008, 0.0014, 0.0023, 0.0016, 0.0010, 0.0021, 0.0009, 0.0017, 0.0011, 0.0007, 0.0023, 0.0014, 0.0008, 0.0009, 0.0021, 0.0018, 0.0013, 0.0015, 0.0020, 0.0005, 0.0010, 0.0007, 0.0013, 0.0015, 0.0012, 0.0007, 0.0008, 0.0014, 0.0025, 0.0009, 0.0006, 0.0005, 0.0009, 0.0016, 0.0026, 0.0009, 0.0013, 0.0007, 0.0018, 0.0012, 0.0014, 0.0018, 0.0011, 0.0013, 0.0023, 0.0012, 0.0010, 0.0009, 0.0011, 0.0020, 0.0010, 0.0010, 0.0017, 0.0017, 0.0022, 0.0013, 0.0021, 0.0007, 0.0012, 0.0015, 0.0015, 0.0023, 0.0015, 0.0013, 0.0013, 0.0009, 0.0019, 0.0008, 0.0005, 0.0007, 0.0010, 0.0004, 0.0013, 0.0010, 0.0011, 0.0003, 0.0021, 0.0005, 0.0007, 0.0010, 0.0015, 0.0009, 0.0015, 0.0019, 0.0016, 0.0021, 0.0004, 0.0017, 0.0013, 0.0025, 0.0017, 0.0018, 0.0013, 0.0014, 0.0014, 0.0004, 0.0010, 0.0016, 0.0013, 0.0016, 0.0017, 0.0017, 0.0022, 0.0016, 0.0006, 0.0018, 0.0010, 0.0007, 0.0010, 0.0011, 0.0014, 0.0005, 0.0017, 0.0008, 0.0010, 0.0014, 0.0008, 0.0018, 0.0008, 0.0015, 0.0010, 0.0022, 0.0011, 0.0012, 0.0012, 0.0014, 0.0008, 0.0005, 0.0008, 0.0010, 0.0019, 0.0011, 0.0022, 0.0020, 0.0006, 0.0010, 0.0013, 0.0018, 0.0014, 0.0012, 0.0009, 0.0021, 0.0013, 0.0016, 0.0017, 0.0015, 0.0018, 0.0011, 0.0018, 0.0017, 0.0005, 0.0015, 0.0008, 0.0009, 0.0010, 0.0008, 0.0005, 0.0029, 0.0015, 0.0011, 0.0008, 0.0009, 0.0021, 0.0014, 0.0020, 0.0011, 0.0008, 0.0006, 0.0013, 0.0006, 0.0014, 0.0008, 0.0013, 0.0014, 0.0015, 0.0012, 0.0012, 0.0013, 0.0010, 0.0009, 0.0016, 0.0024, 0.0008, 0.0010, 0.0020, 0.0007, 0.0016, 0.0011, 0.0007, 0.0011, 0.0011, 0.0008, 0.0016, 0.0011, 0.0013, 0.0017, 0.0012, 0.0030, 0.0009, 0.0012, 0.0010, 0.0006, 0.0008, 0.0014, 0.0005, 0.0007, 0.0014, 0.0017, 0.0005, 0.0011, 0.0008, 0.0017, 0.0011, 0.0024, 0.0012, 0.0013, 0.0014, 0.0017, 0.0007, 0.0017, 0.0007, 0.0022, 0.0022, 0.0013, 0.0026, 0.0012, 0.0022, 0.0010, 0.0014, 0.0013, 0.0009, 0.0005, 0.0026, 0.0013, 0.0025, 0.0013, 0.0013, 0.0005, 0.0016, 0.0005, 0.0012, 0.0010, 0.0008, 0.0011, 0.0006, 0.0006, 0.0016, 0.0006, 0.0013, 0.0012, 0.0014, 0.0012, 0.0013, 0.0009, 0.0009, 0.0006, 0.0013, 0.0010, 0.0007, 0.0005, 0.0011, 0.0016, 0.0008, 0.0003, 0.0010, 0.0017, 0.0019, 0.0009, 0.0007, 0.0025, 0.0005, 0.0019, 0.0015, 0.0009, 0.0010, 0.0010, 0.0020, 0.0018, 0.0024, 0.0026, 0.0017, 0.0024, 0.0009, 0.0014, 0.0005, 0.0006, 0.0007, 0.0006, 0.0012, 0.0010, 0.0016, 0.0015, 0.0015, 0.0010, 0.0021, 0.0014, 0.0012, 0.0019, 0.0017, 0.0012, 0.0003, 0.0007, 0.0017, 0.0025, 0.0012, 0.0005, 0.0004, 0.0017, 0.0013, 0.0010, 0.0017, 0.0007, 0.0004, 0.0008, 0.0023, 0.0011, 0.0003, 0.0019, 0.0013, 0.0010, 0.0007, 0.0018, 0.0021, 0.0017, 0.0007, 0.0011, 0.0016, 0.0018, 0.0008, 0.0004, 0.0013, 0.0012, 0.0021, 0.0012, 0.0016, 0.0011, 0.0018, 0.0012, 0.0011, 0.0006, 0.0019, 0.0016, 0.0007, 0.0019, 0.0012, 0.0008, 0.0008, 0.0017, 0.0013, 0.0006, 0.0010, 0.0004, 0.0006, 0.0005, 0.0018, 0.0006, 0.0006, 0.0012, 0.0010, 0.0020, 0.0009, 0.0010, 0.0030, 0.0021, 0.0019, 0.0014, 0.0005, 0.0012, 0.0013, 0.0007, 0.0022, 0.0008, 0.0008, 0.0026, 0.0017, 0.0012, 0.0010, 0.0013, 0.0010, 0.0011, 0.0008, 0.0014, 0.0004, 0.0004, 0.0009, 0.0016, 0.0008, 0.0005, 0.0007, 0.0005, 0.0007, 0.0010, 0.0012, 0.0006, 0.0010, 0.0006, 0.0005, 0.0014, 0.0005, 0.0008, 0.0015, 0.0015, 0.0033, 0.0007, 0.0010, 0.0008, 0.0008, 0.0022, 0.0022, 0.0013, 0.0005, 0.0016, 0.0010, 0.0029, 0.0014, 0.0011, 0.0018, 0.0010, 0.0019, 0.0013, 0.0012, 0.0017, 0.0016, 0.0029, 0.0020, 0.0018, 0.0010, 0.0032, 0.0019, 0.0011, 0.0012, 0.0007, 0.0010, 0.0019, 0.0014, 0.0023, 0.0007, 0.0011, 0.0010, 0.0008, 0.0024, 0.0011, 0.0006, 0.0022, 0.0006, 0.0009, 0.0014, 0.0015, 0.0015, 0.0020, 0.0005, 0.0031, 0.0012, 0.0011, 0.0012, 0.0013, 0.0011, 0.0012, 0.0005, 0.0010, 0.0009, 0.0005, 0.0006, 0.0005, 0.0006, 0.0011, 0.0012, 0.0016, 0.0006, 0.0004, 0.0011, 0.0007, 0.0011, 0.0011, 0.0016, 0.0010, 0.0017, 0.0012, 0.0005, 0.0012, 0.0011, 0.0004, 0.0012, 0.0006, 0.0006, 0.0018, 0.0010, 0.0008, 0.0005, 0.0012, 0.0010, 0.0016, 0.0009, 0.0012, 0.0011, 0.0010, 0.0014, 0.0021, 0.0010, 0.0010, 0.0017, 0.0013, 0.0036, 0.0014, 0.0004, 0.0013, 0.0014, 0.0009, 0.0009, 0.0012, 0.0013, 0.0005, 0.0004, 0.0013, 0.0005, 0.0008, 0.0013, 0.0013, 0.0006, 0.0023, 0.0013, 0.0011, 0.0022, 0.0008, 0.0013, 0.0011, 0.0016, 0.0009, 0.0013, 0.0012, 0.0013, 0.0016, 0.0014, 0.0010, 0.0016, 0.0011, 0.0015, 0.0016, 0.0023, 0.0017, 0.0021, 0.0011, 0.0008, 0.0042, 0.0004, 0.0009, 0.0017, 0.0004, 0.0013, 0.0010, 0.0017, 0.0003, 0.0018, 0.0014, 0.0010, 0.0012, 0.0021, 0.0008, 0.0016, 0.0011, 0.0010, 0.0015, 0.0008, 0.0005, 0.0008, 0.0012, 0.0010, 0.0007, 0.0010, 0.0012, 0.0010, 0.0014, 0.0010, 0.0011, 0.0022, 0.0009, 0.0011, 0.0009, 0.0013, 0.0014, 0.0020, 0.0020, 0.0019, 0.0016, 0.0012, 0.0013, 0.0004, 0.0016;
}

probability (column2 | column1) {
  (0) 0.0671, 0.0214, 0.0110, 0.0004, 0.0000, 0.0001, 0.9000;
  (1) 0.0759, 0.0081, 0.0097, 0.0043, 0.0018, 0.9000, 0.0002;
  (2) 0.0330, 0.0418, 0.0015, 0.0024, 0.9000, 0.0115, 0.0098;
  (3) 0.9000, 0.0999, 0.0001, 0.0000, 0.0000, 0.0000, 0.0000;
  (4) 0.0140, 0.0517, 0.9000, 0.0021, 0.0304, 0.0009, 0.0009;
  (5) 0.0564, 0.0324, 0.0026, 0.9000, 0.0011, 0.0040, 0.0035;
  (6) 0.0683, 0.9000, 0.0229, 0.0013, 0.0054, 0.0012, 0.0009;
  (7) 0.0240, 0.0731, 0.0006, 0.9000, 0.0002, 0.0012, 0.0009;
  (8) 0.0676, 0.0237, 0.0002, 0.0044, 0.9000, 0.0024, 0.0017;
  (9) 0.0130, 0.0210, 0.9000, 0.0091, 0.0392, 0.0011, 0.0166;
  (10) 0.0269, 0.0101, 0.0463, 0.0088, 0.0060, 0.9000, 0.0019;
  (11) 0.9000, 0.0139, 0.0323, 0.0028, 0.0200, 0.0268, 0.0042;
  (12) 0.0081, 0.0046, 0.0154, 0.0314, 0.0164, 0.0241, 0.9000;
  (13) 0.0667, 0.9000, 0.0192, 0.0003, 0.0007, 0.0087, 0.0044;
  (14) 0.0019, 0.9000, 0.0684, 0.0177, 0.0048, 0.0023, 0.0049;
  (15) 0.0912, 0.0038, 0.0002, 0.0027, 0.0016, 0.9000, 0.0005;
  (16) 0.0018, 0.0890, 0.0019, 0.9000, 0.0040, 0.0023, 0.0010;
  (17) 0.0143, 0.0037, 0.0001, 0.0465, 0.9000, 0.0195, 0.0159;
  (18) 0.0953, 0.0012, 0.9000, 0.0033, 0.0000, 0.0001, 0.0001;
  (19) 0.0804, 0.0134, 0.0029, 0.0021, 0.0010, 0.0002, 0.9000;
  (20) 0.9000, 0.0567, 0.0366, 0.0046, 0.0008, 0.0002, 0.0011;
  (21) 0.0322, 0.0599, 0.0026, 0.0034, 0.9000, 0.0017, 0.0002;
  (22) 0.0302, 0.0383, 0.0037, 0.9000, 0.0129, 0.0067, 0.0082;
  (23) 0.0024, 0.0844, 0.0054, 0.0050, 0.0000, 0.9000, 0.0028;
  (24) 0.0757, 0.0105, 0.9000, 0.0088, 0.0005, 0.0023, 0.0022;
  (25) 0.9000, 0.0871, 0.0068, 0.0005, 0.0040, 0.0009, 0.0007;
  (26) 0.0410, 0.0045, 0.0461, 0.0020, 0.0057, 0.0007, 0.9000;
  (27) 0.0931, 0.9000, 0.0021, 0.0010, 0.0007, 0.0009, 0.0022;
  (28) 0.0621, 0.0252, 0.9000, 0.0117, 0.0002, 0.0006, 0.0002;
  (29) 0.0186, 0.9000, 0.0089, 0.0285, 0.0134, 0.0284, 0.0022;
  (30) 0.9000, 0.0705, 0.0201, 0.0074, 0.0012, 0.0003, 0.0005;
  (31) 0.0362, 0.0068, 0.0150, 0.0113, 0.0190, 0.9000, 0.0117;
  (32) 0.0018, 0.0282, 0.0367, 0.0191, 0.9000, 0.0059, 0.0083;
  (33) 0.0344, 0.0461, 0.0012, 0.9000, 0.0015, 0.0017, 0.0151;
  (34) 0.0637, 0.0070, 0.0187, 0.0060, 0.0033, 0.0013, 0.9000;
  (35) 0.0579, 0.0065, 0.9000, 0.0237, 0.0114, 0.0002, 0.0003;
  (36) 0.0151, 0.0053, 0.0123, 0.9000, 0.0182, 0.0431, 0.0060;
  (37) 0.0022, 0.0098, 0.0414, 0.0014, 0.0149, 0.0303, 0.9000;
  (38) 0.0870, 0.0116, 0.0013, 0.0000, 0.0001, 0.9000, 0.0000;
  (39) 0.0970, 0.0019, 0.0009, 0.0001, 0.9000, 0.0000, 0.0001;
  (40) 0.0347, 0.9000, 0.0013, 0.0163, 0.0106, 0.0108, 0.0263;
  (41) 0.9000, 0.0193, 0.0018, 0.0290, 0.0266, 0.0158, 0.0075;
  (42) 0.0212, 0.9000, 0.0332, 0.0055, 0.0302, 0.0026, 0.0073;
  (43) 0.0354, 0.0136, 0.0069, 0.0271, 0.0015, 0.9000, 0.0155;
  (44) 0.9000, 0.0144, 0.0347, 0.0411, 0.0048, 0.0009, 0.0041;
  (45) 0.0616, 0.0224, 0.0103, 0.0049, 0.9000, 0.0006, 0.0002;
  (46) 0.0372, 0.0147, 0.0177, 0.9000, 0.0049, 0.0165, 0.0090;
  (47) 0.0372, 0.0280, 0.0178, 0.0049, 0.0005, 0.0116, 0.9000;
  (48) 0.0392, 0.0198, 0.9000, 0.0261, 0.0029, 0.0109, 0.0011;
  (49) 0.0289, 0.0094, 0.9000, 0.0613, 0.0001, 0.0003, 0.0000;
  (50) 0.0358, 0.0524, 0.0076, 0.0007, 0.9000, 0.0018, 0.0017;
  (51) 0.0826, 0.0064, 0.0067, 0.0043, 0.0000, 0.9000, 0.0000;
  (52) 0.9000, 0.0709, 0.0118, 0.0055, 0.0094, 0.0018, 0.0006;
  (53) 0.0306, 0.0533, 0.0140, 0.9000, 0.0008, 0.0011, 0.0002;
  (54) 0.0969, 0.9000, 0.0005, 0.0007, 0.0016, 0.0001, 0.0002;
  (55) 0.0566, 0.0181, 0.0126, 0.0036, 0.0056, 0.0035, 0.9000;
  (56) 0.0626, 0.0066, 0.0295, 0.0000, 0.0002, 0.0011, 0.9000;
  (57) 0.0047, 0.0325, 0.0622, 0.0002, 0.0002, 0.9000, 0.0002;
  (58) 0.0402, 0.0052, 0.9000, 0.0455, 0.0040, 0.0014, 0.0037;
  (59) 0.0058, 0.0412, 0.0176, 0.0048, 0.9000, 0.0062, 0.0244;
  (60) 0.9000, 0.0307, 0.0358, 0.0228, 0.0050, 0.0001, 0.0056;
  (61) 0.0417, 0.9000, 0.0497, 0.0046, 0.0011, 0.0002, 0.0027;
  (62) 0.0180, 0.0687, 0.0126, 0.9000, 0.0004, 0.0003, 0.0000;
  (63) 0.0494, 0.0213, 0.0148, 0.9000, 0.0029, 0.0058, 0.0058;
  (64) 0.0028, 0.9000, 0.0294, 0.0652, 0.0016, 0.0002, 0.0008;
  (65) 0.0829, 0.0002, 0.9000, 0.0019, 0.0107, 0.0006, 0.0037;
  (66) 0.0711, 0.0008, 0.0189, 0.0008, 0.0077, 0.9000, 0.0007;
  (67) 0.0473, 0.0206, 0.0155, 0.0142, 0.9000, 0.0010, 0.0014;
  (68) 0.0497, 0.0132, 0.0149, 0.0035, 0.0175, 0.0012, 0.9000;
  (69) 0.9000, 0.0388, 0.0098, 0.0308, 0.0028, 0.0097, 0.0081;
  (70) 0.0816, 0.0110, 0.0060, 0.0013, 0.9000, 0.0000, 0.0001;
  (71) 0.0997, 0.0001, 0.0002, 0.9000, 0.0000, 0.0000, 0.0000;
  (72) 0.0241, 0.0718, 0.9000, 0.0003, 0.0027, 0.0005, 0.0006;
  (73) 0.0070, 0.9000, 0.0791, 0.0038, 0.0096, 0.0005, 0.0000;
  (74) 0.0194, 0.0221, 0.0540, 0.0000, 0.0007, 0.0038, 0.9000;
  (75) 0.0462, 0.0175, 0.0134, 0.0149, 0.0059, 0.9000, 0.0021;
  (76) 0.9000, 0.0821, 0.0080, 0.0048, 0.0008, 0.0040, 0.0003;
  (77) 0.0860, 0.0095, 0.0005, 0.9000, 0.0005, 0.0023, 0.0012;
  (78) 0.0855, 0.0044, 0.0002, 0.0068, 0.9000, 0.0031, 0.0000;
  (79) 0.0897, 0.0022, 0.9000, 0.0005, 0.0026, 0.0034, 0.0016;
  (80) 0.0235, 0.0277, 0.0252, 0.0011, 0.0053, 0.0172, 0.9000;
  (81) 0.0750, 0.9000, 0.0147, 0.0001, 0.0072, 0.0006, 0.0024;
  (82) 0.9000, 0.0654, 0.0024, 0.0076, 0.0081, 0.0000, 0.0165;
  (83) 0.0106, 0.0712, 0.0149, 0.0025, 0.0002, 0.9000, 0.0006;
  (84) 0.0619, 0.9000, 0.0323, 0.0046, 0.0002, 0.0002, 0.0008;
  (85) 0.0146, 0.0745, 0.0067, 0.0014, 0.9000, 0.0022, 0.0006;
  (86) 0.9000, 0.0010, 0.0503, 0.0131, 0.0348, 0.0002, 0.0006;
  (87) 0.0628, 0.0362, 0.0000, 0.0004, 0.0000, 0.9000, 0.0006;
  (88) 0.0812, 0.0025, 0.0153, 0.0009, 0.0000, 0.0001, 0.9000;
  (89) 0.0518, 0.0367, 0.0098, 0.9000, 0.0005, 0.0005, 0.0007;
  (90) 0.0972, 0.0013, 0.9000, 0.0007, 0.0007, 0.0000, 0.0001;
  (91) 0.0993, 0.0007, 0.0000, 0.0000, 0.0000, 0.9000, 0.0000;
  (92) 0.0519, 0.0095, 0.0366, 0.9000, 0.0016, 0.0002, 0.0002;
  (93) 0.0223, 0.0692, 0.9000, 0.0073, 0.0009, 0.0001, 0.0002;
  (94) 0.0977, 0.0018, 0.0002, 0.0002, 0.0001, 0.0000, 0.9000;
  (95) 0.0906, 0.0003, 0.0059, 0.0008, 0.9000, 0.0018, 0.0006;
  (96) 0.9000, 0.0172, 0.0394, 0.0182, 0.0142, 0.0004, 0.0106;
  (97) 0.0774, 0.9000, 0.0026, 0.0100, 0.0099, 0.0001, 0.0000;
  (98) 0.0332, 0.0501, 0.0154, 0.0007, 0.0001, 0.9000, 0.0005;
  (99) 0.0165, 0.0684, 0.0016, 0.0062, 0.0059, 0.0014, 0.9000;
  (100) 0.0298, 0.9000, 0.0168, 0.0035, 0.0145, 0.0202, 0.0152;
  (101) 0.9000, 0.0851, 0.0010, 0.0090, 0.0046, 0.0003, 0.0000;
  (102) 0.0493, 0.0009, 0.0284, 0.9000, 0.0043, 0.0017, 0.0154;
  (103) 0.0784, 0.0138, 0.9000, 0.0031, 0.0045, 0.0000, 0.0002;
  (104) 0.0363, 0.0200, 0.0168, 0.0138, 0.9000, 0.0005, 0.0126;
  (105) 0.0090, 0.0552, 0.0004, 0.0136, 0.0060, 0.9000, 0.0158;
  (106) 0.9000, 0.0778, 0.0064, 0.0074, 0.0037, 0.0031, 0.0016;
  (107) 0.0621, 0.0280, 0.0013, 0.0065, 0.0008, 0.0013, 0.9000;
  (108) 0.0593, 0.0166, 0.9000, 0.0180, 0.0025, 0.0004, 0.0032;
  (109) 0.0278, 0.0264, 0.0003, 0.9000, 0.0345, 0.0036, 0.0074;
  (110) 0.0444, 0.0436, 0.0106, 0.0001, 0.9000, 0.0012, 0.0001;
  (111) 0.0246, 0.9000, 0.0293, 0.0022, 0.0299, 0.0016, 0.0124;
  (112) 0.0021, 0.0868, 0.0035, 0.0019, 0.9000, 0.0026, 0.0031;
  (113) 0.0651, 0.0233, 0.0095, 0.0006, 0.0011, 0.9000, 0.0004;
  (114) 0.0934, 0.0017, 0.0022, 0.0010, 0.0009, 0.0008, 0.9000;
  (115) 0.0729, 0.9000, 0.0062, 0.0138, 0.0060, 0.0002, 0.0009;
  (116) 0.9000, 0.0372, 0.0429, 0.0141, 0.0040, 0.0014, 0.0004;
  (117) 0.0415, 0.0514, 0.9000, 0.0033, 0.0036, 0.0000, 0.0002;
  (118) 0.0004, 0.0646, 0.0339, 0.9000, 0.0010, 0.0001, 0.0000;
  (119) 0.0387, 0.9000, 0.0535, 0.0010, 0.0067, 0.0000, 0.0001;
  (120) 0.0496, 0.0222, 0.0009, 0.0143, 0.0027, 0.9000, 0.0103;
  (121) 0.0024, 0.0029, 0.0614, 0.0240, 0.0080, 0.0013, 0.9000;
  (122) 0.0704, 0.0044, 0.0058, 0.0022, 0.9000, 0.0055, 0.0117;
  (123) 0.9000, 0.0987, 0.0009, 0.0004, 0.0000, 0.0000, 0.0000;
  (124) 0.0525, 0.0156, 0.0111, 0.9000, 0.0066, 0.0097, 0.0045;
  (125) 0.0329, 0.0632, 0.9000, 0.0009, 0.0026, 0.0004, 0.0000;
  (126) 0.0535, 0.0202, 0.0179, 0.0001, 0.0079, 0.0004, 0.9000;
  (127) 0.0724, 0.0051, 0.0184, 0.0015, 0.9000, 0.0020, 0.0006;
  (128) 0.0042, 0.0733, 0.9000, 0.0172, 0.0049, 0.0002, 0.0002;
  (129) 0.0898, 0.0023, 0.0077, 0.0001, 0.0001, 0.9000, 0.0000;
  (130) 0.0916, 0.0026, 0.0038, 0.9000, 0.0016, 0.0000, 0.0004;
  (131) 0.9000, 0.0364, 0.0484, 0.0079, 0.0047, 0.0009, 0.0017;
  (132) 0.0704, 0.9000, 0.0087, 0.0182, 0.0005, 0.0014, 0.0008;
  (133) 0.0086, 0.9000, 0.0024, 0.0678, 0.0017, 0.0188, 0.0007;
  (134) 0.0057, 0.0131, 0.0272, 0.0095, 0.9000, 0.0059, 0.0386;
  (135) 0.9000, 0.0105, 0.0844, 0.0001, 0.0002, 0.0000, 0.0048;
  (136) 0.0194, 0.0725, 0.0029, 0.0012, 0.0022, 0.9000, 0.0018;
  (137) 0.0851, 0.0004, 0.9000, 0.0119, 0.0021, 0.0004, 0.0001;
  (138) 0.0558, 0.0430, 0.0005, 0.9000, 0.0003, 0.0002, 0.0002;
  (139) 0.0669, 0.0238, 0.0008, 0.0061, 0.0003, 0.0021, 0.9000;
  (140) 0.9000, 0.0051, 0.0118, 0.0615, 0.0003, 0.0193, 0.0020;
  (141) 0.0436, 0.0116, 0.0003, 0.9000, 0.0314, 0.0004, 0.0127;
  (142) 0.0225, 0.0166, 0.0166, 0.0147, 0.0150, 0.9000, 0.0146;
  (143) 0.0586, 0.0223, 0.9000, 0.0019, 0.0170, 0.0001, 0.0001;
  (144) 0.0792, 0.9000, 0.0168, 0.0040, 0.0000, 0.0000, 0.0000;
  (145) 0.0080, 0.0722, 0.0002, 0.0193, 0.0000, 0.0003, 0.9000;
  (146) 0.0268, 0.0404, 0.0298, 0.0014, 0.9000, 0.0004, 0.0012;
  (147) 0.9000, 0.0602, 0.0226, 0.0154, 0.0014, 0.0003, 0.0001;
  (148) 0.0213, 0.0042, 0.9000, 0.0555, 0.0029, 0.0103, 0.0058;
  (149) 0.0838, 0.0074, 0.0015, 0.0049, 0.0024, 0.9000, 0.0000;
  (150) 0.0341, 0.0508, 0.0041, 0.9000, 0.0089, 0.0009, 0.0012;
  (151) 0.0539, 0.9000, 0.0326, 0.0033, 0.0028, 0.0035, 0.0039;
  (152) 0.0646, 0.0306, 0.0045, 0.0002, 0.0001, 0.0000, 0.9000;
  (153) 0.0223, 0.0003, 0.0180, 0.0513, 0.9000, 0.0014, 0.0067;
  (154) 0.0840, 0.0095, 0.0060, 0.0002, 0.0000, 0.9000, 0.0003;
  (155) 0.0249, 0.0610, 0.0072, 0.0066, 0.0002, 0.0001, 0.9000;
  (156) 0.0219, 0.0556, 0.0185, 0.9000, 0.0031, 0.0003, 0.0006;
  (157) 0.0693, 0.0126, 0.9000, 0.0111, 0.0009, 0.0003, 0.0058;
  (158) 0.9000, 0.0036, 0.0591, 0.0355, 0.0010, 0.0003, 0.0005;
  (159) 0.0028, 0.9000, 0.0714, 0.0005, 0.0198, 0.0007, 0.0048;
  (160) 0.0210, 0.0681, 0.0046, 0.0003, 0.9000, 0.0038, 0.0022;
  (161) 0.0733, 0.0157, 0.0018, 0.0053, 0.0036, 0.0003, 0.9000;
  (162) 0.9000, 0.0206, 0.0197, 0.0094, 0.0430, 0.0018, 0.0055;
  (163) 0.0585, 0.0221, 0.9000, 0.0135, 0.0043, 0.0014, 0.0002;
  (164) 0.0919, 0.0037, 0.0039, 0.9000, 0.0004, 0.0001, 0.0000;
  (165) 0.0644, 0.0308, 0.0046, 0.0000, 0.0000, 0.9000, 0.0002;
  (166) 0.0973, 0.0020, 0.0006, 0.0001, 0.9000, 0.0000, 0.0000;
  (167) 0.0165, 0.9000, 0.0261, 0.0318, 0.0224, 0.0020, 0.0012;
  (168) 0.9000, 0.0032, 0.0019, 0.0145, 0.0226, 0.0414, 0.0164;
  (169) 0.0672, 0.0149, 0.0080, 0.0069, 0.0012, 0.9000, 0.0018;
  (170) 0.0134, 0.9000, 0.0579, 0.0062, 0.0115, 0.0069, 0.0041;
  (171) 0.0809, 0.0095, 0.0049, 0.9000, 0.0030, 0.0012, 0.0005;
  (172) 0.0307, 0.0201, 0.9000, 0.0310, 0.0130, 0.0024, 0.0028;
  (173) 0.0174, 0.0127, 0.0618, 0.0032, 0.9000, 0.0039, 0.0010;
  (174) 0.0502, 0.0140, 0.0059, 0.0066, 0.0063, 0.0170, 0.9000;
  (175) 0.0236, 0.0726, 0.0026, 0.0005, 0.0005, 0.9000, 0.0002;
  (176) 0.9000, 0.0470, 0.0094, 0.0048, 0.0001, 0.0200, 0.0187;
  (177) 0.0778, 0.0077, 0.0041, 0.0036, 0.0013, 0.0055, 0.9000;
  (178) 0.0228, 0.0601, 0.0106, 0.9000, 0.0055, 0.0006, 0.0004;
  (179) 0.0031, 0.0712, 0.9000, 0.0124, 0.0073, 0.0016, 0.0044;
  (180) 0.0778, 0.0134, 0.0015, 0.0061, 0.9000, 0.0011, 0.0001;
  (181) 0.0310, 0.9000, 0.0526, 0.0023, 0.0098, 0.0020, 0.0023;
  (182) 0.0663, 0.0295, 0.0000, 0.9000, 0.0016, 0.0009, 0.0017;
  (183) 0.0052, 0.0204, 0.0550, 0.0179, 0.0006, 0.9000, 0.0009;
  (184) 0.0818, 0.0097, 0.0069, 0.0009, 0.9000, 0.0002, 0.0005;
  (185) 0.0313, 0.0621, 0.9000, 0.0028, 0.0017, 0.0001, 0.0020;
  (186) 0.9000, 0.0696, 0.0162, 0.0083, 0.0055, 0.0001, 0.0003;
  (187) 0.0289, 0.9000, 0.0448, 0.0255, 0.0006, 0.0002, 0.0000;
  (188) 0.0815, 0.0056, 0.0012, 0.0025, 0.0073, 0.0019, 0.9000;
  (189) 0.0662, 0.0153, 0.0161, 0.9000, 0.0011, 0.0005, 0.0008;
  (190) 0.0766, 0.0133, 0.0038, 0.0038, 0.9000, 0.0004, 0.0021;
  (191) 0.0401, 0.0117, 0.0165, 0.0300, 0.0014, 0.0003, 0.9000;
  (192) 0.9000, 0.0703, 0.0030, 0.0082, 0.0029, 0.0055, 0.0101;
  (193) 0.0593, 0.9000, 0.0060, 0.0161, 0.0030, 0.0039, 0.0117;
  (194) 0.0299, 0.0204, 0.0345, 0.0077, 0.0050, 0.9000, 0.0025;
  (195) 0.0596, 0.0177, 0.9000, 0.0124, 0.0046, 0.0046, 0.0011;
  (196) 0.0774, 0.9000, 0.0187, 0.0005, 0.0005, 0.0012, 0.0017;
  (197) 0.0417, 0.0502, 0.0003, 0.9000, 0.0051, 0.0020, 0.0007;
  (198) 0.0532, 0.0357, 0.0028, 0.0031, 0.0029, 0.0023, 0.9000;
  (199) 0.0363, 0.0381, 0.0128, 0.0034, 0.9000, 0.0007, 0.0087;
  (200) 0.0583, 0.0257, 0.9000, 0.0073, 0.0047, 0.0037, 0.0003;
  (201) 0.9000, 0.0199, 0.0386, 0.0305, 0.0091, 0.0003, 0.0016;
  (202) 0.0993, 0.0003, 0.0003, 0.0001, 0.0000, 0.9000, 0.0000;
  (203) 0.9000, 0.0937, 0.0039, 0.0022, 0.0001, 0.0001, 0.0000;
  (204) 0.0754, 0.0144, 0.0082, 0.9000, 0.0003, 0.0003, 0.0014;
  (205) 0.0866, 0.0060, 0.0028, 0.0008, 0.9000, 0.0026, 0.0012;
  (206) 0.0654, 0.0181, 0.0105, 0.0021, 0.0012, 0.9000, 0.0027;
  (207) 0.0122, 0.9000, 0.0708, 0.0133, 0.0030, 0.0002, 0.0005;
  (208) 0.0950, 0.0004, 0.9000, 0.0031, 0.0011, 0.0001, 0.0003;
  (209) 0.0056, 0.0397, 0.0090, 0.0277, 0.0062, 0.0118, 0.9000;
  (210) 0.0343, 0.0621, 0.0027, 0.0003, 0.0005, 0.9000, 0.0001;
  (211) 0.0829, 0.0018, 0.0123, 0.0013, 0.9000, 0.0013, 0.0004;
  (212) 0.0418, 0.0511, 0.0011, 0.0019, 0.0023, 0.0018, 0.9000;
  (213) 0.0602, 0.9000, 0.0369, 0.0029, 0.0000, 0.0000, 0.0000;
  (214) 0.0311, 0.0317, 0.9000, 0.0019, 0.0129, 0.0114, 0.0110;
  (215) 0.0134, 0.0758, 0.0013, 0.9000, 0.0065, 0.0017, 0.0013;
  (216) 0.9000, 0.0647, 0.0164, 0.0176, 0.0010, 0.0000, 0.0003;
  (217) 0.0771, 0.9000, 0.0084, 0.0083, 0.0046, 0.0002, 0.0014;
  (218) 0.0634, 0.0197, 0.0093, 0.9000, 0.0075, 0.0000, 0.0001;
  (219) 0.0686, 0.0106, 0.9000, 0.0051, 0.0017, 0.0033, 0.0107;
  (220) 0.0495, 0.0037, 0.0067, 0.0206, 0.0187, 0.0008, 0.9000;
  (221) 0.9000, 0.0801, 0.0059, 0.0018, 0.0071, 0.0007, 0.0044;
  (222) 0.0121, 0.0286, 0.0157, 0.0325, 0.0106, 0.9000, 0.0005;
  (223) 0.0021, 0.0700, 0.0025, 0.0179, 0.9000, 0.0030, 0.0045;
  (224) 0.0379, 0.0474, 0.0039, 0.0062, 0.9000, 0.0019, 0.0027;
  (225) 0.0290, 0.9000, 0.0664, 0.0018, 0.0016, 0.0003, 0.0009;
  (226) 0.0359, 0.0283, 0.0333, 0.0004, 0.0019, 0.0002, 0.9000;
  (227) 0.9000, 0.0890, 0.0099, 0.0006, 0.0002, 0.0000, 0.0003;
  (228) 0.0519, 0.0163, 0.0193, 0.9000, 0.0036, 0.0080, 0.0009;
  (229) 0.0541, 0.0248, 0.0095, 0.0036, 0.0036, 0.9000, 0.0044;
  (230) 0.0425, 0.0395, 0.9000, 0.0091, 0.0035, 0.0008, 0.0046;
  (231) 0.0088, 0.9000, 0.0873, 0.0031, 0.0003, 0.0003, 0.0002;
  (232) 0.0923, 0.0008, 0.0025, 0.0017, 0.0008, 0.0019, 0.9000;
  (233) 0.0011, 0.0072, 0.0878, 0.9000, 0.0011, 0.0003, 0.0025;
  (234) 0.9000, 0.0649, 0.0281, 0.0042, 0.0022, 0.0003, 0.0003;
  (235) 0.1000, 0.0000, 0.0000, 0.0000, 0.9000, 0.0000, 0.0000;
  (236) 0.0397, 0.0108, 0.0407, 0.0045, 0.0031, 0.9000, 0.0012;
  (237) 0.0261, 0.0343, 0.9000, 0.0086, 0.0106, 0.0133, 0.0071;
  (238) 0.9000, 0.0805, 0.0134, 0.0055, 0.0001, 0.0001, 0.0004;
  (239) 0.0821, 0.0115, 0.0029, 0.0033, 0.0000, 0.0002, 0.9000;
  (240) 0.0214, 0.0681, 0.0033, 0.0034, 0.0029, 0.9000, 0.0009;
  (241) 0.0299, 0.0531, 0.0120, 0.9000, 0.0043, 0.0002, 0.0005;
  (242) 0.0937, 0.0026, 0.0022, 0.0003, 0.9000, 0.0009, 0.0003;
  (243) 0.0714, 0.9000, 0.0256, 0.0026, 0.0002, 0.0001, 0.0001;
  (244) 0.0526, 0.0409, 0.9000, 0.0020, 0.0030, 0.0011, 0.0004;
  (245) 0.0045, 0.0512, 0.0162, 0.0215, 0.0031, 0.0035, 0.9000;
  (246) 0.9000, 0.0756, 0.0196, 0.0017, 0.0009, 0.0004, 0.0018;
  (247) 0.0612, 0.0190, 0.0041, 0.9000, 0.0051, 0.0029, 0.0077;
  (248) 0.0454, 0.0334, 0.9000, 0.0164, 0.0048, 0.0000, 0.0000;
  (249) 0.0379, 0.9000, 0.0279, 0.0141, 0.0031, 0.0149, 0.0021;
  (250) 0.0868, 0.0037, 0.0086, 0.0005, 0.0001, 0.9000, 0.0003;
  (251) 0.0168, 0.0637, 0.0122, 0.0016, 0.9000, 0.0029, 0.0028;
  (252) 0.0427, 0.0461, 0.0019, 0.0086, 0.9000, 0.0002, 0.0005;
  (253) 0.0768, 0.0187, 0.0017, 0.0014, 0.0002, 0.0012, 0.9000;
  (254) 0.0636, 0.0302, 0.9000, 0.0037, 0.0022, 0.0002, 0.0001;
  (255) 0.0015, 0.0042, 0.0029, 0.0779, 0.0118, 0.9000, 0.0017;
  (256) 0.9000, 0.0820, 0.0040, 0.0123, 0.0004, 0.0010, 0.0003;
  (257) 0.0561, 0.9000, 0.0216, 0.0020, 0.0043, 0.0129, 0.0031;
  (258) 0.0947, 0.0011, 0.0010, 0.9000, 0.0027, 0.0001, 0.0004;
  (259) 0.0953, 0.0022, 0.9000, 0.0022, 0.0001, 0.0001, 0.0001;
  (260) 0.0726, 0.0094, 0.0149, 0.0012, 0.0012, 0.9000, 0.0007;
  (261) 0.0638, 0.0109, 0.0078, 0.9000, 0.0081, 0.0060, 0.0034;
  (262) 0.0436, 0.0273, 0.0075, 0.0124, 0.9000, 0.0025, 0.0067;
  (263) 0.0876, 0.9000, 0.0066, 0.0050, 0.0006, 0.0001, 0.0001;
  (264) 0.9000, 0.0380, 0.0122, 0.0243, 0.0105, 0.0056, 0.0094;
  (265) 0.0290, 0.0122, 0.0026, 0.0527, 0.0019, 0.0016, 0.9000;
  (266) 0.0181, 0.0571, 0.0091, 0.0010, 0.0054, 0.9000, 0.0093;
  (267) 0.9000, 0.0453, 0.0326, 0.0088, 0.0028, 0.0076, 0.0029;
  (268) 0.0025, 0.9000, 0.0575, 0.0065, 0.0052, 0.0201, 0.0082;
  (269) 0.0685, 0.0092, 0.9000, 0.0170, 0.0053, 0.0000, 0.0000;
  (270) 0.0486, 0.0409, 0.0029, 0.0025, 0.9000, 0.0006, 0.0045;
  (271) 0.0434, 0.0334, 0.0204, 0.9000, 0.0012, 0.0008, 0.0008;
  (272) 0.0640, 0.0223, 0.0069, 0.0009, 0.0023, 0.0036, 0.9000;
  (273) 0.0541, 0.0032, 0.0040, 0.0216, 0.0067, 0.0104, 0.9000;
  (274) 0.9000, 0.0501, 0.0091, 0.0235, 0.0066, 0.0015, 0.0092;
  (275) 0.0215, 0.0645, 0.0133, 0.9000, 0.0001, 0.0004, 0.0002;
  (276) 0.0549, 0.0142, 0.0100, 0.0012, 0.9000, 0.0154, 0.0043;
  (277) 0.0463, 0.9000, 0.0313, 0.0139, 0.0045, 0.0027, 0.0013;
  (278) 0.0014, 0.0164, 0.0437, 0.0301, 0.0051, 0.9000, 0.0033;
  (279) 0.0365, 0.0004, 0.9000, 0.0593, 0.0005, 0.0018, 0.0015;
  (280) 0.0421, 0.0037, 0.0097, 0.0329, 0.9000, 0.0003, 0.0113;
  (281) 0.0803, 0.9000, 0.0080, 0.0021, 0.0036, 0.0032, 0.0028;
  (282) 0.0830, 0.0082, 0.0016, 0.0071, 0.0001, 0.9000, 0.0000;
  (283) 0.9000, 0.0530, 0.0228, 0.0182, 0.0044, 0.0005, 0.0011;
  (284) 0.0216, 0.0223, 0.0185, 0.9000, 0.0117, 0.0102, 0.0157;
  (285) 0.0855, 0.0049, 0.0008, 0.0078, 0.0009, 0.0001, 0.9000;
  (286) 0.0198, 0.0444, 0.9000, 0.0043, 0.0207, 0.0049, 0.0059;
  (287) 0.0465, 0.0149, 0.9000, 0.0178, 0.0136, 0.0002, 0.0070;
  (288) 0.0546, 0.9000, 0.0313, 0.0062, 0.0029, 0.0047, 0.0003;
  (289) 0.9000, 0.0736, 0.0042, 0.0221, 0.0001, 0.0000, 0.0000;
  (290) 0.0125, 0.0563, 0.0247, 0.0013, 0.9000, 0.0049, 0.0003;
  (291) 0.0271, 0.0524, 0.0168, 0.0028, 0.0000, 0.9000, 0.0009;
  (292) 0.0263, 0.0390, 0.0314, 0.9000, 0.0019, 0.0013, 0.0001;
  (293) 0.0305, 0.0205, 0.0265, 0.0069, 0.0001, 0.0155, 0.9000;
  (294) 0.0362, 0.0495, 0.0050, 0.0084, 0.0001, 0.9000, 0.0008;
  (295) 0.0667, 0.0290, 0.9000, 0.0041, 0.0000, 0.0000, 0.0002;
  (296) 0.0546, 0.0185, 0.0061, 0.0161, 0.0046, 0.0001, 0.9000;
  (297) 0.0960, 0.9000, 0.0013, 0.0027, 0.0000, 0.0000, 0.0000;
  (298) 0.0993, 0.0002, 0.0001, 0.9000, 0.0002, 0.0001, 0.0001;
  (299) 0.0764, 0.0041, 0.0069, 0.0076, 0.9000, 0.0035, 0.0015;
  (300) 0.9000, 0.0811, 0.0066, 0.0052, 0.0015, 0.0005, 0.0051;
  (301) 0.0566, 0.0116, 0.9000, 0.0112, 0.0024, 0.0040, 0.0142;
  (302) 0.0872, 0.0009, 0.0050, 0.0025, 0.0004, 0.0040, 0.9000;
  (303) 0.0288, 0.0288, 0.0365, 0.9000, 0.0054, 0.0002, 0.0003;
  (304) 0.0365, 0.0549, 0.0008, 0.0011, 0.9000, 0.0030, 0.0037;
  (305) 0.0278, 0.9000, 0.0431, 0.0059, 0.0096, 0.0046, 0.0090;
  (306) 0.9000, 0.0352, 0.0565, 0.0041, 0.0039, 0.0002, 0.0001;
  (307) 0.0334, 0.0071, 0.0523, 0.0025, 0.0021, 0.9000, 0.0026;
  (308) 0.0095, 0.0834, 0.0043, 0.9000, 0.0006, 0.0017, 0.0005;
  (309) 0.0396, 0.9000, 0.0490, 0.0075, 0.0022, 0.0007, 0.0010;
  (310) 0.0139, 0.0663, 0.9000, 0.0065, 0.0002, 0.0078, 0.0053;
  (311) 0.9000, 0.0934, 0.0048, 0.0001, 0.0014, 0.0003, 0.0000;
  (312) 0.0120, 0.0719, 0.0061, 0.0083, 0.0006, 0.9000, 0.0011;
  (313) 0.0440, 0.0153, 0.0146, 0.0250, 0.0011, 0.0000, 0.9000;
  (314) 0.0224, 0.0125, 0.0218, 0.0333, 0.9000, 0.0076, 0.0024;
  (315) 0.0058, 0.0567, 0.9000, 0.0165, 0.0143, 0.0030, 0.0037;
  (316) 0.0321, 0.9000, 0.0553, 0.0073, 0.0050, 0.0000, 0.0003;
  (317) 0.0658, 0.0155, 0.0040, 0.0079, 0.0062, 0.0006, 0.9000;
  (318) 0.0893, 0.0027, 0.0057, 0.0007, 0.9000, 0.0011, 0.0005;
  (319) 0.0765, 0.0142, 0.0057, 0.0017, 0.0002, 0.9000, 0.0017;
  (320) 0.9000, 0.0221, 0.0391, 0.0341, 0.0046, 0.0000, 0.0001;
  (321) 0.0747, 0.0015, 0.0070, 0.9000, 0.0099, 0.0012, 0.0057;
  (322) 0.9000, 0.0885, 0.0057, 0.0008, 0.0033, 0.0004, 0.0013;
  (323) 0.0898, 0.0032, 0.0068, 0.0002, 0.9000, 0.0000, 0.0000;
  (324) 0.0134, 0.0440, 0.0209, 0.9000, 0.0139, 0.0018, 0.0060;
  (325) 0.0396, 0.9000, 0.0360, 0.0054, 0.0092, 0.0001, 0.0097;
  (326) 0.0588, 0.0160, 0.0192, 0.0052, 0.0005, 0.9000, 0.0003;
  (327) 0.0592, 0.0147, 0.0009, 0.0023, 0.0167, 0.0062, 0.9000;
  (328) 0.0358, 0.0240, 0.9000, 0.0132, 0.0227, 0.0022, 0.0021;
  (329) 0.0849, 0.0108, 0.9000, 0.0030, 0.0002, 0.0005, 0.0006;
  (330) 0.9000, 0.0012, 0.0776, 0.0095, 0.0014, 0.0093, 0.0010;
  (331) 0.0702, 0.9000, 0.0247, 0.0022, 0.0001, 0.0005, 0.0023;
  (332) 0.0391, 0.0292, 0.0202, 0.0070, 0.0040, 0.9000, 0.0005;
  (333) 0.0940, 0.0026, 0.0000, 0.0031, 0.0000, 0.0003, 0.9000;
  (334) 0.0514, 0.0070, 0.0078, 0.0116, 0.9000, 0.0102, 0.0120;
  (335) 0.0207, 0.0515, 0.0000, 0.9000, 0.0017, 0.0259, 0.0002;
  (336) 0.0248, 0.0572, 0.0109, 0.0006, 0.0045, 0.9000, 0.0020;
  (337) 0.0203, 0.0790, 0.0006, 0.0000, 0.0001, 0.0000, 0.9000;
  (338) 0.0852, 0.0067, 0.0078, 0.9000, 0.0002, 0.0001, 0.0000;
  (339) 0.0375, 0.0258, 0.0189, 0.0072, 0.9000, 0.0095, 0.0011;
  (340) 0.0909, 0.0065, 0.9000, 0.0000, 0.0007, 0.0011, 0.0008;
  (341) 0.9000, 0.0967, 0.0008, 0.0007, 0.0015, 0.0002, 0.0001;
  (342) 0.0329, 0.9000, 0.0140, 0.0113, 0.0339, 0.0039, 0.0040;
  (343) 0.0516, 0.0277, 0.0073, 0.0014, 0.0066, 0.9000, 0.0054;
  (344) 0.0080, 0.0538, 0.0237, 0.0064, 0.9000, 0.0003, 0.0078;
  (345) 0.0340, 0.0497, 0.0133, 0.0016, 0.0004, 0.0010, 0.9000;
  (346) 0.0192, 0.9000, 0.0563, 0.0052, 0.0100, 0.0072, 0.0021;
  (347) 0.0478, 0.0001, 0.9000, 0.0038, 0.0302, 0.0144, 0.0037;
  (348) 0.9000, 0.0387, 0.0338, 0.0170, 0.0007, 0.0071, 0.0027;
  (349) 0.0382, 0.0572, 0.0021, 0.9000, 0.0006, 0.0016, 0.0003;
  (350) 0.0732, 0.0064, 0.0132, 0.0004, 0.0021, 0.0047, 0.9000;
  (351) 0.0341, 0.9000, 0.0531, 0.0060, 0.0056, 0.0010, 0.0002;
