network unknown {
}
variable column1 {
  type discrete[600] { 0, 1, 2, 3, 4, 5, 6, 7, 8, 9, 10, 11, 12, 13, 14, 15, 16, 17, 18, 19, 20, 21, 22, 23, 24, 25, 26, 27, 28, 29, 30, 31, 32, 33, 34, 35, 36, 37, 38, 39, 40, 41, 42, 43, 44, 45, 46, 47, 48, 49, 50, 51, 52, 53, 54, 55, 56, 57, 58, 59, 60, 61, 62, 63, 64, 65, 66, 67, 68, 69, 70, 71, 72, 73, 74, 75, 76, 77, 78, 79, 80, 81, 82, 83, 84, 85, 86, 87, 88, 89, 90, 91, 92, 93, 94, 95, 96, 97, 98, 99, 100, 101, 102, 103, 104, 105, 106, 107, 108, 109, 110, 111, 112, 113, 114, 115, 116, 117, 118, 119, 120, 121, 122, 123, 124, 125, 126, 127, 128, 129, 130, 131, 132, 133, 134, 135, 136, 137, 138, 139, 140, 141, 142, 143, 144, 145, 146, 147, 148, 149, 150, 151, 152, 153, 154, 155, 156, 157, 158, 159, 160, 161, 162, 163, 164, 165, 166, 167, 168, 169, 170, 171, 172, 173, 174, 175, 176, 177, 178, 179, 180, 181, 182, 183, 184, 185, 186, 187, 188, 189, 190, 191, 192, 193, 194, 195, 196, 197, 198, 199, 200, 201, 202, 203, 204, 205, 206, 207, 208, 209, 210, 211, 212, 213, 214, 215, 216, 217, 218, 219, 220, 221, 222, 223, 224, 225, 226, 227, 228, 229, 230, 231, 232, 233, 234, 235, 236, 237, 238, 239, 240, 241, 242, 243, 244, 245, 246, 247, 248, 249, 250, 251, 252, 253, 254, 255, 256, 257, 258, 259, 260, 261, 262, 263, 264, 265, 266, 267, 268, 269, 270, 271, 272, 273, 274, 275, 276, 277, 278, 279, 280, 281, 282, 283, 284, 285, 286, 287, 288, 289, 290, 291, 292, 293, 294, 295, 296, 297, 298, 299, 300, 301, 302, 303, 304, 305, 306, 307, 308, 309, 310, 311, 312, 313, 314, 315, 316, 317, 318, 319, 320, 321, 322, 323, 324, 325, 326, 327, 328, 329, 330, 331, 332, 333, 334, 335, 336, 337, 338, 339, 340, 341, 342, 343, 344, 345, 346, 347, 348, 349, 350, 351, 352, 353, 354, 355, 356, 357, 358, 359, 360, 361, 362, 363, 364, 365, 366, 367, 368, 369, 370, 371, 372, 373, 374, 375, 376, 377, 378, 379, 380, 381, 382, 383, 384, 385, 386, 387, 388, 389, 390, 391, 392, 393, 394, 395, 396, 397, 398, 399, 400, 401, 402, 403, 404, 405, 406, 407, 408, 409, 410, 411, 412, 413, 414, 415, 416, 417, 418, 419, 420, 421, 422, 423, 424, 425, 426, 427, 428, 429, 430, 431, 432, 433, 434, 435, 436, 437, 438, 439, 440, 441, 442, 443, 444, 445, 446, 447, 448, 449, 450, 451, 452, 453, 454, 455, 456, 457, 458, 459, 460, 461, 462, 463, 464, 465, 466, 467, 468, 469, 470, 471, 472, 473, 474, 475, 476, 477, 478, 479, 480, 481, 482, 483, 484, 485, 486, 487, 488, 489, 490, 491, 492, 493, 494, 495, 496, 497, 498, 499, 500, 501, 502, 503, 504, 505, 506, 507, 508, 509, 510, 511, 512, 513, 514, 515, 516, 517, 518, 519, 520, 521, 522, 523, 524, 525, 526, 527, 528, 529, 530, 531, 532, 533, 534, 535, 536, 537, 538, 539, 540, 541, 542, 543, 544, 545, 546, 547, 548, 549, 550, 551, 552, 553, 554, 555, 556, 557, 558, 559, 560, 561, 562, 563, 564, 565, 566, 567, 568, 569, 570, 571, 572, 573, 574, 575, 576, 577, 578, 579, 580, 581, 582, 583, 584, 585, 586, 587, 588, 589, 590, 591, 592, 593, 594, 595, 596, 597, 598, 599 };
}
variable column2 {
  type discrete[7] { 0, 1, 2, 3, 4, 5, 6 };
}
variable column3 {
  type discrete[400] { 0, 1, 2, 3, 4, 5, 6, 7, 8, 9, 10, 11, 12, 13, 14, 15, 16, 17, 18, 19, 20, 21, 22, 23, 24, 25, 26, 27, 28, 29, 30, 31, 32, 33, 34, 35, 36, 37, 38, 39, 40, 41, 42, 43, 44, 45, 46, 47, 48, 49, 50, 51, 52, 53, 54, 55, 56, 57, 58, 59, 60, 61, 62, 63, 64, 65, 66, 67, 68, 69, 70, 71, 72, 73, 74, 75, 76, 77, 78, 79, 80, 81, 82, 83, 84, 85, 86, 87, 88, 89, 90, 91, 92, 93, 94, 95, 96, 97, 98, 99, 100, 101, 102, 103, 104, 105, 106, 107, 108, 109, 110, 111, 112, 113, 114, 115, 116, 117, 118, 119, 120, 121, 122, 123, 124, 125, 126, 127, 128, 129, 130, 131, 132, 133, 134, 135, 136, 137, 138, 139, 140, 141, 142, 143, 144, 145, 146, 147, 148, 149, 150, 151, 152, 153, 154, 155, 156, 157, 158, 159, 160, 161, 162, 163, 164, 165, 166, 167, 168, 169, 170, 171, 172, 173, 174, 175, 176, 177, 178, 179, 180, 181, 182, 183, 184, 185, 186, 187, 188, 189, 190, 191, 192, 193, 194, 195, 196, 197, 198, 199, 200, 201, 202, 203, 204, 205, 206, 207, 208, 209, 210, 211, 212, 213, 214, 215, 216, 217, 218, 219, 220, 221, 222, 223, 224, 225, 226, 227, 228, 229, 230, 231, 232, 233, 234, 235, 236, 237, 238, 239, 240, 241, 242, 243, 244, 245, 246, 247, 248, 249, 250, 251, 252, 253, 254, 255, 256, 257, 258, 259, 260, 261, 262, 263, 264, 265, 266, 267, 268, 269, 270, 271, 272, 273, 274, 275, 276, 277, 278, 279, 280, 281, 282, 283, 284, 285, 286, 287, 288, 289, 290, 291, 292, 293, 294, 295, 296, 297, 298, 299, 300, 301, 302, 303, 304, 305, 306, 307, 308, 309, 310, 311, 312, 313, 314, 315, 316, 317, 318, 319, 320, 321, 322, 323, 324, 325, 326, 327, 328, 329, 330, 331, 332, 333, 334, 335, 336, 337, 338, 339, 340, 341, 342, 343, 344, 345, 346, 347, 348, 349, 350, 351, 352, 353, 354, 355, 356, 357, 358, 359, 360, 361, 362, 363, 364, 365, 366, 367, 368, 369, 370, 371, 372, 373, 374, 375, 376, 377, 378, 379, 380, 381, 382, 383, 384, 385, 386, 387, 388, 389, 390, 391, 392, 393, 394, 395, 396, 397, 398, 399 };
}
variable column4 {
  type discrete[400] { 0, 1, 2, 3, 4, 5, 6, 7, 8, 9, 10, 11, 12, 13, 14, 15, 16, 17, 18, 19, 20, 21, 22, 23, 24, 25, 26, 27, 28, 29, 30, 31, 32, 33, 34, 35, 36, 37, 38, 39, 40, 41, 42, 43, 44, 45, 46, 47, 48, 49, 50, 51, 52, 53, 54, 55, 56, 57, 58, 59, 60, 61, 62, 63, 64, 65, 66, 67, 68, 69, 70, 71, 72, 73, 74, 75, 76, 77, 78, 79, 80, 81, 82, 83, 84, 85, 86, 87, 88, 89, 90, 91, 92, 93, 94, 95, 96, 97, 98, 99, 100, 101, 102, 103, 104, 105, 106, 107, 108, 109, 110, 111, 112, 113, 114, 115, 116, 117, 118, 119, 120, 121, 122, 123, 124, 125, 126, 127, 128, 129, 130, 131, 132, 133, 134, 135, 136, 137, 138, 139, 140, 141, 142, 143, 144, 145, 146, 147, 148, 149, 150, 151, 152, 153, 154, 155, 156, 157, 158, 159, 160, 161, 162, 163, 164, 165, 166, 167, 168, 169, 170, 171, 172, 173, 174, 175, 176, 177, 178, 179, 180, 181, 182, 183, 184, 185, 186, 187, 188, 189, 190, 191, 192, 193, 194, 195, 196, 197, 198, 199, 200, 201, 202, 203, 204, 205, 206, 207, 208, 209, 210, 211, 212, 213, 214, 215, 216, 217, 218, 219, 220, 221, 222, 223, 224, 225, 226, 227, 228, 229, 230, 231, 232, 233, 234, 235, 236, 237, 238, 239, 240, 241, 242, 243, 244, 245, 246, 247, 248, 249, 250, 251, 252, 253, 254, 255, 256, 257, 258, 259, 260, 261, 262, 263, 264, 265, 266, 267, 268, 269, 270, 271, 272, 273, 274, 275, 276, 277, 278, 279, 280, 281, 282, 283, 284, 285, 286, 287, 288, 289, 290, 291, 292, 293, 294, 295, 296, 297, 298, 299, 300, 301, 302, 303, 304, 305, 306, 307, 308, 309, 310, 311, 312, 313, 314, 315, 316, 317, 318, 319, 320, 321, 322, 323, 324, 325, 326, 327, 328, 329, 330, 331, 332, 333, 334, 335, 336, 337, 338, 339, 340, 341, 342, 343, 344, 345, 346, 347, 348, 349, 350, 351, 352, 353, 354, 355, 356, 357, 358, 359, 360, 361, 362, 363, 364, 365, 366, 367, 368, 369, 370, 371, 372, 373, 374, 375, 376, 377, 378, 379, 380, 381, 382, 383, 384, 385, 386, 387, 388, 389, 390, 391, 392, 393, 394, 395, 396, 397, 398, 399 };
}
variable column5 {
  type discrete[23] { 0, 1, 2, 3, 4, 5, 6, 7, 8, 9, 10, 11, 12, 13, 14, 15, 16, 17, 18, 19, 20, 21, 22 };
}
variable column6 {
  type discrete[19] { 0, 1, 2, 3, 4, 5, 6, 7, 8, 9, 10, 11, 12, 13, 14, 15, 16, 17, 18 };
}
variable column7 {
  type discrete[7] { 0, 1, 2, 3, 4, 5, 6 };
}
variable column8 {
  type discrete[9] { 0, 1, 2, 3, 4, 5, 6, 7, 8 };
}
variable column9 {
  type discrete[8] { 0, 1, 2, 3, 4, 5, 6, 7 };
}
variable column10 {
  type discrete[8] { 0, 1, 2, 3, 4, 5, 6, 7 };
}
variable column11 {
  type discrete[7] { 0, 1, 2, 3, 4, 5, 6 };
}
variable column12 {
  type discrete[5] { 0, 1, 2, 3, 4 };
}
variable column13 {
  type discrete[5] { 0, 1, 2, 3, 4 };
}
variable column14 {
  type discrete[5] { 0, 1, 2, 3, 4 };
}
variable column15 {
  type discrete[5] { 0, 1, 2, 3, 4 };
}
variable column16 {
  type discrete[5] { 0, 1, 2, 3, 4 };
}
variable column17 {
  type discrete[5] { 0, 1, 2, 3, 4 };
}
variable column18 {
  type discrete[5] { 0, 1, 2, 3, 4 };
}
variable column19 {
  type discrete[5] { 0, 1, 2, 3, 4 };
}
variable column20 {
  type discrete[5] { 0, 1, 2, 3, 4 };
}

probability (column1) {
  table 0.0030, 0.0021, 0.0010, 0.0014, 0.0025, 0.0011, 0.0015, 0.0017, 0.0018, 0.0022, 0.0021, 0.0014, 0.0017, 0.0014, 0.0021, 0.0024, 0.0028, 0.0025, 0.0029, 0.0013, 0.0011, 0.0027, 0.0024, 0.0013, 0.0024, 0.0010, 0.0013, 0.0004, 0.0022, 0.0014, 0.0020, 0.0013, 0.0021, 0.0017, 0.0014, 0.0010, 0.0027, 0.0018, 0.0008, 0.0025, 0.0013, 0.0012, 0.0017, 0.0009, 0.0015, 0.0024, 0.0032, 0.0016, 0.0026, 0.0024, 0.0025, 0.0014, 0.0019, 0.0009, 0.0017, 0.0008, 0.0021, 0.0011, 0.0017, 0.0009, 0.0010, 0.0009, 0.0014, 0.0016, 0.0019, 0.0019, 0.0026, 0.0016, 0.0025, 0.0022, 0.0017, 0.0011, 0.0009, 0.0015, 0.0011, 0.0019, 0.0017, 0.0008, 0.0017, 0.0024, 0.0018, 0.0010, 0.0012, 0.0019, 0.0020, 0.0022, 0.0005, 0.0011, 0.0016, 0.0026, 0.0021, 0.0013, 0.0028, 0.0014, 0.0017, 0.0017, 0.0024, 0.0007, 0.0029, 0.0020, 0.0027, 0.0008, 0.0012, 0.0009, 0.0010, 0.0016, 0.0018, 0.0014, 0.0018, 0.0011, 0.0007, 0.0026, 0.0004, 0.0016, 0.0011, 0.0008, 0.0012, 0.0011, 0.0023, 0.0027, 0.0030, 0.0031, 0.0019, 0.0044, 0.0020, 0.0022, 0.0014, 0.0042, 0.0016, 0.0019, 0.0023, 0.0012, 0.0033, 0.0012, 0.0010, 0.0012, 0.0030, 0.0015, 0.0014, 0.0025, 0.0012, 0.0012, 0.0017, 0.0011, 0.0008, 0.0012, 0.0033, 0.0011, 0.0014, 0.0015, 0.0029, 0.0025, 0.0034, 0.0024, 0.0033, 0.0014, 0.0018, 0.0015, 0.0029, 0.0009, 0.0031, 0.0008, 0.0008, 0.0011, 0.0026, 0.0006, 0.0013, 0.0018, 0.0014, 0.0006, 0.0005, 0.0009, 0.0024, 0.0007, 0.0009, 0.0014, 0.0017, 0.0012, 0.0014, 0.0010, 0.0026, 0.0007, 0.0017, 0.0017, 0.0014, 0.0019, 0.0009, 0.0010, 0.0026, 0.0020, 0.0018, 0.0019, 0.0016, 0.0017, 0.0018, 0.0013, 0.0008, 0.0037, 0.0017, 0.0021, 0.0016, 0.0017, 0.0013, 0.0027, 0.0012, 0.0024, 0.0035, 0.0009, 0.0020, 0.0011, 0.0006, 0.0026, 0.0013, 0.0015, 0.0015, 0.0014, 0.0016, 0.0021, 0.0007, 0.0007, 0.0010, 0.0019, 0.0025, 0.0008, 0.0009, 0.0023, 0.0017, 0.0013, 0.0015, 0.0032, 0.0019, 0.0013, 0.0034, 0.0039, 0.0011, 0.0012, 0.0020, 0.0030, 0.0006, 0.0016, 0.0019, 0.0016, 0.0009, 0.0017, 0.0012, 0.0014, 0.0017, 0.0017, 0.0024, 0.0016, 0.0027, 0.0008, 0.0005, 0.0019, 0.0013, 0.0009, 0.0012, 0.0019, 0.0005, 0.0015, 0.0006, 0.0013, 0.0019, 0.0012, 0.0010, 0.0019, 0.0019, 0.0027, 0.0021, 0.0019, 0.0008, 0.0019, 0.0018, 0.0025, 0.0030, 0.0008, 0.0010, 0.0006, 0.0011, 0.0015, 0.0021, 0.0038, 0.0022, 0.0014, 0.0016, 0.0032, 0.0017, 0.0020, 0.0021, 0.0015, 0.0013, 0.0010, 0.0027, 0.0033, 0.0017, 0.0030, 0.0022, 0.0014, 0.0016, 0.0018, 0.0012, 0.0024, 0.0011, 0.0010, 0.0015, 0.0041, 0.0011, 0.0008, 0.0018, 0.0012, 0.0008, 0.0008, 0.0015, 0.0007, 0.0004, 0.0023, 0.0026, 0.0017, 0.0013, 0.0022, 0.0007, 0.0009, 0.0012, 0.0017, 0.0015, 0.0012, 0.0018, 0.0007, 0.0018, 0.0033, 0.0010, 0.0010, 0.0012, 0.0018, 0.0035, 0.0017, 0.0009, 0.0029, 0.0014, 0.0011, 0.0013, 0.0014, 0.0016, 0.0020, 0.0023, 0.0017, 0.0014, 0.0009, 0.0011, 0.0004, 0.0008, 0.0014, 0.0026, 0.0020, 0.0024, 0.0012, 0.0023, 0.0015, 0.0008, 0.0010, 0.0025, 0.0016, 0.0007, 0.0023, 0.0016, 0.0015, 0.0024, 0.0013, 0.0017, 0.0018, 0.0010, 0.0014, 0.0014, 0.0017, 0.0019, 0.0007, 0.0014, 0.0009, 0.0015, 0.0025, 0.0024, 0.0018, 0.0020, 0.0019, 0.0026, 0.0012, 0.0007, 0.0008, 0.0029, 0.0018, 0.0011, 0.0003, 0.0019, 0.0020, 0.0015, 0.0022, 0.0020, 0.0013, 0.0015, 0.0015, 0.0019, 0.0019, 0.0026, 0.0020, 0.0017, 0.0012, 0.0010, 0.0012, 0.0008, 0.0011, 0.0015, 0.0020, 0.0019, 0.0014, 0.0011, 0.0023, 0.0030, 0.0015, 0.0010, 0.0022, 0.0011, 0.0006, 0.0016, 0.0018, 0.0006, 0.0033, 0.0005, 0.0015, 0.0013, 0.0021, 0.0011, 0.0016, 0.0007, 0.0029, 0.0024, 0.0011, 0.0010, 0.0016, 0.0015, 0.0021, 0.0008, 0.0012, 0.0012, 0.0013, 0.0009, 0.0027, 0.0017, 0.0013, 0.0007, 0.0018, 0.0007, 0.0014, 0.0020, 0.0009, 0.0028, 0.0020, 0.0021, 0.0023, 0.0015, 0.0022, 0.0019, 0.0018, 0.0020, 0.0011, 0.0019, 0.0012, 0.0009, 0.0017, 0.0016, 0.0015, 0.0013, 0.0030, 0.0015, 0.0018, 0.0014, 0.0014, 0.0018, 0.0008, 0.0016, 0.0011, 0.0023, 0.0009, 0.0020, 0.0017, 0.0019, 0.0018, 0.0017, 0.0021, 0.0010, 0.0008, 0.0017, 0.0013, 0.0013, 0.0035, 0.0010, 0.0013, 0.0011, 0.0016, 0.0017, 0.0022, 0.0017, 0.0014, 0.0035, 0.0021, 0.0030, 0.0025, 0.0009, 0.0018, 0.0018, 0.0015, 0.0021, 0.0011, 0.0011, 0.0009, 0.0020, 0.0014, 0.0015, 0.0009, 0.0016, 0.0010, 0.0004, 0.0022, 0.0016, 0.0034, 0.0016, 0.0010, 0.0020, 0.0014, 0.0014, 0.0014, 0.0014, 0.0007, 0.0008, 0.0017, 0.0016, 0.0018, 0.0008, 0.0020, 0.0032, 0.0018, 0.0016, 0.0014, 0.0028, 0.0009, 0.0008, 0.0015, 0.0027, 0.0014, 0.0009, 0.0011, 0.0023, 0.0015, 0.0011, 0.0023, 0.0020, 0.0016, 0.0011, 0.0030, 0.0007, 0.0025, 0.0012, 0.0013, 0.0051, 0.0009, 0.0015, 0.0019, 0.0021, 0.0020, 0.0027, 0.0010, 0.0015, 0.0012, 0.0010, 0.0016, 0.0011, 0.0018, 0.0018, 0.0019, 0.0030, 0.0009, 0.0012, 0.0009, 0.0008, 0.0017, 0.0016, 0.0021, 0.0013, 0.0009, 0.0029, 0.0012, 0.0007, 0.0011, 0.0022, 0.0016, 0.0020, 0.0016, 0.0023, 0.0011, 0.0031, 0.0014;
}

probability (column2 | column1) {
  (0) 0.0600, 0.0395, 0.0004, 0.9000, 0.0001, 0.0000, 0.0000;
  (1) 0.0688, 0.0235, 0.9000, 0.0037, 0.0008, 0.0024, 0.0008;
  (2) 0.0721, 0.0142, 0.0045, 0.0016, 0.9000, 0.0059, 0.0017;
  (3) 0.0872, 0.0040, 0.0015, 0.0071, 0.0002, 0.9000, 0.0000;
  (4) 0.0040, 0.0639, 0.0285, 0.0006, 0.0016, 0.0014, 0.9000;
  (5) 0.9000, 0.0374, 0.0440, 0.0148, 0.0011, 0.0012, 0.0015;
  (6) 0.0266, 0.9000, 0.0002, 0.0043, 0.0153, 0.0413, 0.0123;
  (7) 0.0835, 0.0109, 0.0043, 0.0007, 0.0003, 0.9000, 0.0003;
  (8) 0.0522, 0.0412, 0.0021, 0.0032, 0.0003, 0.0010, 0.9000;
  (9) 0.0865, 0.0009, 0.0019, 0.0008, 0.9000, 0.0027, 0.0072;
  (10) 0.9000, 0.0026, 0.0620, 0.0326, 0.0026, 0.0002, 0.0000;
  (11) 0.0670, 0.0199, 0.0015, 0.9000, 0.0066, 0.0022, 0.0028;
  (12) 0.0712, 0.0081, 0.9000, 0.0143, 0.0039, 0.0012, 0.0013;
  (13) 0.0949, 0.9000, 0.0030, 0.0008, 0.0007, 0.0002, 0.0004;
  (14) 0.9000, 0.0982, 0.0014, 0.0000, 0.0002, 0.0000, 0.0002;
  (15) 0.0021, 0.0015, 0.0401, 0.0414, 0.0013, 0.0136, 0.9000;
  (16) 0.0166, 0.0508, 0.9000, 0.0190, 0.0095, 0.0033, 0.0008;
  (17) 0.0668, 0.0163, 0.0134, 0.0022, 0.0001, 0.9000, 0.0012;
  (18) 0.0660, 0.0107, 0.0167, 0.0027, 0.9000, 0.0025, 0.0014;
  (19) 0.0849, 0.9000, 0.0132, 0.0019, 0.0000, 0.0000, 0.0000;
  (20) 0.0117, 0.0412, 0.0239, 0.9000, 0.0165, 0.0001, 0.0066;
  (21) 0.0874, 0.0120, 0.0005, 0.0001, 0.0000, 0.9000, 0.0000;
  (22) 0.0582, 0.0257, 0.0040, 0.0008, 0.0059, 0.0054, 0.9000;
  (23) 0.0664, 0.0073, 0.0255, 0.9000, 0.0007, 0.0000, 0.0001;
  (24) 0.0385, 0.9000, 0.0511, 0.0091, 0.0011, 0.0001, 0.0001;
  (25) 0.9000, 0.0066, 0.0592, 0.0008, 0.0077, 0.0006, 0.0251;
  (26) 0.0476, 0.0395, 0.0092, 0.0032, 0.9000, 0.0000, 0.0005;
  (27) 0.0754, 0.0059, 0.9000, 0.0050, 0.0127, 0.0002, 0.0008;
  (28) 0.0045, 0.0580, 0.0116, 0.9000, 0.0208, 0.0045, 0.0006;
  (29) 0.0841, 0.0103, 0.0051, 0.0001, 0.9000, 0.0002, 0.0002;
  (30) 0.0363, 0.0041, 0.9000, 0.0321, 0.0108, 0.0104, 0.0063;
  (31) 0.0671, 0.0036, 0.0220, 0.0061, 0.0011, 0.9000, 0.0001;
  (32) 0.9000, 0.0073, 0.0163, 0.0743, 0.0002, 0.0018, 0.0001;
  (33) 0.0789, 0.9000, 0.0115, 0.0005, 0.0016, 0.0060, 0.0015;
  (34) 0.0185, 0.0465, 0.0340, 0.0005, 0.0001, 0.0004, 0.9000;
  (35) 0.0054, 0.0512, 0.0236, 0.0062, 0.9000, 0.0079, 0.0057;
  (36) 0.0632, 0.9000, 0.0070, 0.0050, 0.0008, 0.0159, 0.0081;
  (37) 0.0461, 0.0257, 0.9000, 0.0133, 0.0014, 0.0098, 0.0037;
  (38) 0.0647, 0.0006, 0.0018, 0.0279, 0.0038, 0.0012, 0.9000;
  (39) 0.9000, 0.0313, 0.0440, 0.0044, 0.0196, 0.0002, 0.0005;
  (40) 0.0120, 0.0291, 0.0351, 0.0115, 0.0022, 0.9000, 0.0101;
  (41) 0.0018, 0.0757, 0.0090, 0.9000, 0.0083, 0.0031, 0.0021;
  (42) 0.0816, 0.9000, 0.0089, 0.0007, 0.0002, 0.0036, 0.0050;
  (43) 0.0874, 0.0027, 0.9000, 0.0000, 0.0004, 0.0093, 0.0002;
  (44) 0.0622, 0.0282, 0.0084, 0.0002, 0.0009, 0.0001, 0.9000;
  (45) 0.0958, 0.0041, 0.0001, 0.9000, 0.0000, 0.0000, 0.0000;
  (46) 0.0703, 0.0103, 0.0114, 0.0007, 0.0067, 0.9000, 0.0006;
  (47) 0.0975, 0.0010, 0.0008, 0.0001, 0.9000, 0.0003, 0.0003;
  (48) 0.9000, 0.0830, 0.0092, 0.0013, 0.0057, 0.0005, 0.0003;
  (49) 0.0370, 0.0057, 0.0526, 0.0030, 0.0012, 0.9000, 0.0005;
  (50) 0.0477, 0.0108, 0.0411, 0.0001, 0.9000, 0.0000, 0.0003;
  (51) 0.0692, 0.0274, 0.0002, 0.9000, 0.0001, 0.0010, 0.0021;
  (52) 0.0458, 0.9000, 0.0424, 0.0068, 0.0037, 0.0011, 0.0002;
  (53) 0.0477, 0.0215, 0.0235, 0.0003, 0.0013, 0.0057, 0.9000;
  (54) 0.0520, 0.0285, 0.9000, 0.0078, 0.0074, 0.0023, 0.0020;
  (55) 0.9000, 0.0997, 0.0003, 0.0000, 0.0000, 0.0000, 0.0000;
  (56) 0.0316, 0.0158, 0.0088, 0.0300, 0.9000, 0.0114, 0.0024;
  (57) 0.0738, 0.0108, 0.0100, 0.0031, 0.0010, 0.9000, 0.0013;
  (58) 0.0285, 0.0031, 0.0157, 0.9000, 0.0026, 0.0068, 0.0433;
  (59) 0.0711, 0.9000, 0.0247, 0.0027, 0.0005, 0.0008, 0.0002;
  (60) 0.0298, 0.0351, 0.0292, 0.0034, 0.0011, 0.0014, 0.9000;
  (61) 0.9000, 0.0453, 0.0443, 0.0034, 0.0034, 0.0013, 0.0023;
  (62) 0.0399, 0.0448, 0.9000, 0.0027, 0.0015, 0.0022, 0.0089;
  (63) 0.0739, 0.0021, 0.0135, 0.0049, 0.9000, 0.0047, 0.0009;
  (64) 0.0343, 0.0613, 0.0034, 0.0002, 0.0007, 0.9000, 0.0001;
  (65) 0.0887, 0.0105, 0.9000, 0.0007, 0.0001, 0.0000, 0.0000;
  (66) 0.0180, 0.9000, 0.0439, 0.0290, 0.0081, 0.0002, 0.0008;
  (67) 0.0822, 0.0128, 0.0048, 0.0000, 0.0001, 0.0001, 0.9000;
  (68) 0.0665, 0.0009, 0.0083, 0.9000, 0.0128, 0.0109, 0.0006;
  (69) 0.9000, 0.0972, 0.0024, 0.0004, 0.0000, 0.0000, 0.0000;
  (70) 0.0530, 0.0337, 0.0104, 0.0018, 0.9000, 0.0008, 0.0003;
  (71) 0.0082, 0.0737, 0.0058, 0.0040, 0.0044, 0.9000, 0.0039;
  (72) 0.9000, 0.0105, 0.0358, 0.0278, 0.0223, 0.0024, 0.0012;
  (73) 0.0262, 0.0173, 0.9000, 0.0494, 0.0014, 0.0019, 0.0038;
  (74) 0.0647, 0.9000, 0.0320, 0.0021, 0.0010, 0.0000, 0.0002;
  (75) 0.0947, 0.0018, 0.0026, 0.0002, 0.0003, 0.0004, 0.9000;
  (76) 0.0534, 0.0174, 0.0226, 0.9000, 0.0005, 0.0051, 0.0010;
  (77) 0.0669, 0.0023, 0.0027, 0.0207, 0.0039, 0.0035, 0.9000;
  (78) 0.0489, 0.0253, 0.0091, 0.0143, 0.9000, 0.0007, 0.0017;
  (79) 0.0498, 0.0190, 0.0096, 0.9000, 0.0038, 0.0051, 0.0127;
  (80) 0.9000, 0.0872, 0.0070, 0.0021, 0.0030, 0.0003, 0.0004;
  (81) 0.0615, 0.0272, 0.0006, 0.0052, 0.0014, 0.9000, 0.0041;
  (82) 0.0774, 0.9000, 0.0021, 0.0007, 0.0176, 0.0005, 0.0017;
  (83) 0.0483, 0.0200, 0.9000, 0.0001, 0.0010, 0.0236, 0.0070;
  (84) 0.0880, 0.0009, 0.0006, 0.0061, 0.0017, 0.9000, 0.0027;
  (85) 0.0587, 0.0107, 0.0145, 0.9000, 0.0043, 0.0117, 0.0001;
  (86) 0.0101, 0.0332, 0.9000, 0.0342, 0.0023, 0.0074, 0.0128;
  (87) 0.0575, 0.0355, 0.0065, 0.0002, 0.9000, 0.0003, 0.0000;
  (88) 0.0363, 0.9000, 0.0553, 0.0024, 0.0027, 0.0028, 0.0005;
  (89) 0.0802, 0.0081, 0.0106, 0.0003, 0.0001, 0.0007, 0.9000;
  (90) 0.9000, 0.0879, 0.0101, 0.0004, 0.0012, 0.0002, 0.0002;
  (91) 0.0902, 0.0095, 0.0001, 0.0002, 0.0000, 0.9000, 0.0000;
  (92) 0.0922, 0.9000, 0.0077, 0.0001, 0.0000, 0.0000, 0.0000;
  (93) 0.0339, 0.0045, 0.0241, 0.9000, 0.0317, 0.0053, 0.0005;
  (94) 0.0945, 0.0018, 0.9000, 0.0015, 0.0020, 0.0002, 0.0000;
  (95) 0.0085, 0.0173, 0.0498, 0.0060, 0.0179, 0.0005, 0.9000;
  (96) 0.0672, 0.0032, 0.0287, 0.0009, 0.9000, 0.0000, 0.0000;
  (97) 0.9000, 0.0924, 0.0012, 0.0027, 0.0013, 0.0017, 0.0007;
  (98) 0.0629, 0.0319, 0.0032, 0.0011, 0.9000, 0.0007, 0.0002;
  (99) 0.0880, 0.0106, 0.0007, 0.0003, 0.0002, 0.9000, 0.0002;
  (100) 0.0697, 0.0073, 0.9000, 0.0016, 0.0177, 0.0010, 0.0027;
  (101) 0.0713, 0.9000, 0.0094, 0.0061, 0.0012, 0.0067, 0.0053;
  (102) 0.9000, 0.0570, 0.0160, 0.0201, 0.0026, 0.0006, 0.0037;
  (103) 0.0365, 0.0374, 0.0129, 0.9000, 0.0096, 0.0009, 0.0027;
  (104) 0.0962, 0.0004, 0.0009, 0.0010, 0.0000, 0.0015, 0.9000;
  (105) 0.0931, 0.0013, 0.0050, 0.9000, 0.0004, 0.0001, 0.0001;
  (106) 0.0166, 0.9000, 0.0011, 0.0532, 0.0209, 0.0078, 0.0004;
  (107) 0.0555, 0.0218, 0.0222, 0.0002, 0.9000, 0.0003, 0.0000;
  (108) 0.9000, 0.0546, 0.0271, 0.0107, 0.0057, 0.0013, 0.0006;
  (109) 0.0054, 0.0489, 0.0179, 0.0211, 0.0019, 0.9000, 0.0048;
  (110) 0.0627, 0.0311, 0.9000, 0.0053, 0.0006, 0.0002, 0.0001;
  (111) 0.0348, 0.0411, 0.0154, 0.0033, 0.0032, 0.0022, 0.9000;
  (112) 0.0559, 0.0437, 0.9000, 0.0001, 0.0001, 0.0000, 0.0002;
  (113) 0.0985, 0.0002, 0.0008, 0.0001, 0.0000, 0.0004, 0.9000;
  (114) 0.0621, 0.0133, 0.0180, 0.9000, 0.0023, 0.0010, 0.0033;
  (115) 0.0114, 0.0108, 0.0487, 0.0058, 0.0068, 0.9000, 0.0165;
  (116) 0.0459, 0.9000, 0.0425, 0.0006, 0.0076, 0.0020, 0.0014;
  (117) 0.0390, 0.0031, 0.0213, 0.0035, 0.9000, 0.0221, 0.0110;
  (118) 0.9000, 0.0980, 0.0007, 0.0006, 0.0003, 0.0003, 0.0001;
  (119) 0.0409, 0.9000, 0.0119, 0.0125, 0.0297, 0.0003, 0.0047;
  (120) 0.0281, 0.0455, 0.0082, 0.0005, 0.0156, 0.9000, 0.0021;
  (121) 0.0047, 0.0899, 0.0004, 0.0000, 0.0029, 0.0021, 0.9000;
  (122) 0.0803, 0.0021, 0.0010, 0.0140, 0.9000, 0.0011, 0.0015;
  (123) 0.0058, 0.0892, 0.9000, 0.0018, 0.0018, 0.0001, 0.0013;
  (124) 0.0666, 0.0137, 0.0046, 0.9000, 0.0086, 0.0023, 0.0042;
  (125) 0.9000, 0.0764, 0.0000, 0.0106, 0.0042, 0.0013, 0.0075;
  (126) 0.0855, 0.0131, 0.0010, 0.0002, 0.0002, 0.0000, 0.9000;
  (127) 0.0265, 0.0418, 0.9000, 0.0222, 0.0007, 0.0024, 0.0064;
  (128) 0.0269, 0.9000, 0.0650, 0.0051, 0.0014, 0.0010, 0.0006;
  (129) 0.9000, 0.0076, 0.0090, 0.0239, 0.0438, 0.0144, 0.0013;
  (130) 0.0096, 0.0269, 0.0627, 0.0002, 0.9000, 0.0001, 0.0005;
  (131) 0.0266, 0.0549, 0.0155, 0.9000, 0.0014, 0.0008, 0.0008;
  (132) 0.0206, 0.0589, 0.0170, 0.0004, 0.0012, 0.9000, 0.0019;
  (133) 0.0992, 0.0001, 0.0004, 0.0003, 0.9000, 0.0000, 0.0000;
  (134) 0.0930, 0.0022, 0.0025, 0.0017, 0.0003, 0.9000, 0.0003;
  (135) 0.0914, 0.0033, 0.9000, 0.0042, 0.0006, 0.0003, 0.0002;
  (136) 0.0186, 0.9000, 0.0426, 0.0232, 0.0136, 0.0020, 0.0000;
  (137) 0.9000, 0.0650, 0.0319, 0.0015, 0.0014, 0.0001, 0.0001;
  (138) 0.0343, 0.0395, 0.0004, 0.0025, 0.0097, 0.0136, 0.9000;
  (139) 0.0031, 0.0776, 0.0166, 0.9000, 0.0022, 0.0004, 0.0001;
  (140) 0.0604, 0.0201, 0.0056, 0.9000, 0.0106, 0.0002, 0.0031;
  (141) 0.0758, 0.0200, 0.0024, 0.0014, 0.9000, 0.0003, 0.0001;
  (142) 0.0847, 0.0054, 0.0075, 0.0019, 0.0003, 0.0002, 0.9000;
  (143) 0.0525, 0.0330, 0.9000, 0.0103, 0.0006, 0.0013, 0.0023;
  (144) 0.0838, 0.0038, 0.0039, 0.0001, 0.0047, 0.9000, 0.0037;
  (145) 0.9000, 0.0093, 0.0731, 0.0046, 0.0073, 0.0040, 0.0017;
  (146) 0.0454, 0.9000, 0.0070, 0.0305, 0.0159, 0.0010, 0.0002;
  (147) 0.0257, 0.0305, 0.0191, 0.9000, 0.0163, 0.0058, 0.0026;
  (148) 0.0392, 0.9000, 0.0068, 0.0170, 0.0156, 0.0203, 0.0011;
  (149) 0.0320, 0.0208, 0.0434, 0.0031, 0.0005, 0.9000, 0.0002;
  (150) 0.0599, 0.0065, 0.9000, 0.0232, 0.0040, 0.0017, 0.0047;
  (151) 0.0359, 0.0204, 0.0191, 0.0141, 0.9000, 0.0032, 0.0073;
  (152) 0.0731, 0.0063, 0.0021, 0.0112, 0.0002, 0.0071, 0.9000;
  (153) 0.9000, 0.0420, 0.0018, 0.0561, 0.0001, 0.0000, 0.0000;
  (154) 0.0066, 0.0637, 0.0230, 0.0066, 0.9000, 0.0000, 0.0001;
  (155) 0.9000, 0.0038, 0.0739, 0.0077, 0.0039, 0.0073, 0.0034;
  (156) 0.0070, 0.0480, 0.0024, 0.0141, 0.0003, 0.9000, 0.0282;
  (157) 0.0836, 0.9000, 0.0072, 0.0004, 0.0025, 0.0023, 0.0040;
  (158) 0.0341, 0.0444, 0.0167, 0.9000, 0.0042, 0.0005, 0.0001;
  (159) 0.0427, 0.0232, 0.0096, 0.0200, 0.0004, 0.0041, 0.9000;
  (160) 0.0512, 0.0073, 0.9000, 0.0115, 0.0113, 0.0105, 0.0082;
  (161) 0.0746, 0.0054, 0.9000, 0.0083, 0.0116, 0.0001, 0.0000;
  (162) 0.0846, 0.0116, 0.0035, 0.0001, 0.0001, 0.0001, 0.9000;
  (163) 0.9000, 0.0437, 0.0315, 0.0184, 0.0012, 0.0048, 0.0004;
  (164) 0.0001, 0.0642, 0.0335, 0.9000, 0.0006, 0.0016, 0.0000;
  (165) 0.0436, 0.0528, 0.0025, 0.0007, 0.0003, 0.9000, 0.0001;
  (166) 0.0878, 0.0059, 0.0036, 0.0007, 0.9000, 0.0007, 0.0013;
  (167) 0.0226, 0.9000, 0.0328, 0.0368, 0.0050, 0.0017, 0.0011;
  (168) 0.0023, 0.0276, 0.0148, 0.9000, 0.0471, 0.0043, 0.0039;
  (169) 0.9000, 0.0771, 0.0043, 0.0108, 0.0027, 0.0043, 0.0008;
  (170) 0.0256, 0.0243, 0.9000, 0.0237, 0.0050, 0.0002, 0.0212;
  (171) 0.0658, 0.0277, 0.0055, 0.0005, 0.0001, 0.9000, 0.0004;
  (172) 0.0866, 0.9000, 0.0075, 0.0023, 0.0024, 0.0005, 0.0007;
  (173) 0.0537, 0.0400, 0.0025, 0.0034, 0.0002, 0.0002, 0.9000;
  (174) 0.0338, 0.0216, 0.0381, 0.0023, 0.9000, 0.0028, 0.0014;
  (175) 0.0463, 0.0218, 0.0014, 0.0028, 0.9000, 0.0214, 0.0063;
  (176) 0.0205, 0.0269, 0.9000, 0.0438, 0.0057, 0.0024, 0.0007;
  (177) 0.0391, 0.9000, 0.0221, 0.0302, 0.0005, 0.0056, 0.0025;
  (178) 0.0815, 0.0106, 0.0012, 0.0010, 0.0031, 0.0026, 0.9000;
  (179) 0.0435, 0.0409, 0.0123, 0.0016, 0.0005, 0.9000, 0.0012;
  (180) 0.9000, 0.0454, 0.0016, 0.0379, 0.0012, 0.0094, 0.0045;
  (181) 0.0168, 0.0372, 0.0305, 0.9000, 0.0143, 0.0002, 0.0010;
  (182) 0.0263, 0.9000, 0.0462, 0.0117, 0.0137, 0.0001, 0.0020;
  (183) 0.0196, 0.0506, 0.0118, 0.0121, 0.9000, 0.0021, 0.0038;
  (184) 0.9000, 0.0519, 0.0013, 0.0194, 0.0224, 0.0033, 0.0017;
  (185) 0.0425, 0.0466, 0.0063, 0.0005, 0.0040, 0.9000, 0.0001;
  (186) 0.0183, 0.0598, 0.9000, 0.0088, 0.0023, 0.0067, 0.0041;
  (187) 0.0906, 0.0005, 0.0000, 0.0025, 0.0050, 0.0014, 0.9000;
  (188) 0.0713, 0.0257, 0.0014, 0.9000, 0.0012, 0.0001, 0.0003;
  (189) 0.0142, 0.9000, 0.0547, 0.0051, 0.0063, 0.0156, 0.0041;
  (190) 0.0149, 0.0336, 0.0432, 0.0013, 0.0021, 0.9000, 0.0049;
  (191) 0.9000, 0.0055, 0.0014, 0.0449, 0.0142, 0.0266, 0.0074;
  (192) 0.0538, 0.0213, 0.0186, 0.9000, 0.0040, 0.0019, 0.0004;
  (193) 0.0921, 0.0027, 0.0010, 0.0027, 0.0014, 0.0001, 0.9000;
  (194) 0.0711, 0.0186, 0.9000, 0.0001, 0.0067, 0.0006, 0.0029;
  (195) 0.0776, 0.0191, 0.0005, 0.0010, 0.9000, 0.0016, 0.0002;
  (196) 0.0375, 0.0533, 0.0082, 0.0006, 0.0000, 0.9000, 0.0004;
  (197) 0.0634, 0.0174, 0.0168, 0.9000, 0.0003, 0.0013, 0.0008;
  (198) 0.0813, 0.9000, 0.0163, 0.0022, 0.0001, 0.0000, 0.0001;
  (199) 0.0289, 0.0357, 0.0200, 0.0016, 0.9000, 0.0133, 0.0005;
  (200) 0.0838, 0.0137, 0.9000, 0.0007, 0.0006, 0.0008, 0.0004;
  (201) 0.9000, 0.0845, 0.0155, 0.0000, 0.0000, 0.0000, 0.0000;
  (202) 0.0781, 0.0164, 0.0024, 0.0024, 0.0003, 0.0004, 0.9000;
  (203) 0.0433, 0.0084, 0.0477, 0.0004, 0.0001, 0.9000, 0.0001;
  (204) 0.0807, 0.0168, 0.0018, 0.0006, 0.9000, 0.0001, 0.0000;
  (205) 0.9000, 0.0457, 0.0376, 0.0046, 0.0106, 0.0008, 0.0007;
  (206) 0.0520, 0.0094, 0.0050, 0.9000, 0.0277, 0.0041, 0.0018;
  (207) 0.0879, 0.9000, 0.0112, 0.0006, 0.0000, 0.0001, 0.0002;
  (208) 0.0582, 0.0256, 0.0095, 0.0041, 0.0001, 0.0025, 0.9000;
  (209) 0.0881, 0.0105, 0.9000, 0.0010, 0.0001, 0.0002, 0.0001;
  (210) 0.0977, 0.0021, 0.9000, 0.0002, 0.0000, 0.0000, 0.0000;
  (211) 0.0130, 0.0584, 0.0039, 0.0084, 0.0132, 0.9000, 0.0031;
  (212) 0.9000, 0.0838, 0.0018, 0.0046, 0.0007, 0.0017, 0.0074;
  (213) 0.0025, 0.0541, 0.0255, 0.0110, 0.0063, 0.0006, 0.9000;
  (214) 0.0260, 0.9000, 0.0468, 0.0250, 0.0020, 0.0001, 0.0001;
  (215) 0.0873, 0.0109, 0.0011, 0.0006, 0.9000, 0.0000, 0.0001;
  (216) 0.0180, 0.0742, 0.0037, 0.9000, 0.0005, 0.0005, 0.0031;
  (217) 0.0852, 0.0135, 0.0003, 0.0007, 0.9000, 0.0000, 0.0003;
  (218) 0.0114, 0.0526, 0.0174, 0.9000, 0.0151, 0.0008, 0.0027;
  (219) 0.0810, 0.0113, 0.0065, 0.0003, 0.0009, 0.0000, 0.9000;
  (220) 0.9000, 0.0314, 0.0349, 0.0044, 0.0198, 0.0091, 0.0004;
  (221) 0.0832, 0.9000, 0.0052, 0.0006, 0.0024, 0.0010, 0.0076;
  (222) 0.0350, 0.0103, 0.0322, 0.0042, 0.0033, 0.9000, 0.0150;
  (223) 0.0980, 0.0017, 0.9000, 0.0001, 0.0002, 0.0000, 0.0000;
  (224) 0.0992, 0.9000, 0.0004, 0.0001, 0.0001, 0.0001, 0.0001;
  (225) 0.0320, 0.0375, 0.0274, 0.9000, 0.0018, 0.0005, 0.0008;
  (226) 0.0787, 0.0055, 0.0110, 0.0003, 0.0014, 0.9000, 0.0031;
  (227) 0.0344, 0.0001, 0.0429, 0.0083, 0.9000, 0.0038, 0.0105;
  (228) 0.9000, 0.0476, 0.0216, 0.0210, 0.0075, 0.0005, 0.0018;
  (229) 0.0586, 0.0230, 0.9000, 0.0155, 0.0014, 0.0008, 0.0007;
  (230) 0.0961, 0.0008, 0.0006, 0.0001, 0.0004, 0.0020, 0.9000;
  (231) 0.0954, 0.9000, 0.0035, 0.0001, 0.0006, 0.0004, 0.0000;
  (232) 0.0632, 0.0086, 0.0134, 0.0079, 0.9000, 0.0010, 0.0059;
  (233) 0.9000, 0.0969, 0.0013, 0.0003, 0.0011, 0.0003, 0.0001;
  (234) 0.0621, 0.0318, 0.0024, 0.0004, 0.0001, 0.9000, 0.0032;
  (235) 0.0853, 0.0043, 0.0032, 0.0037, 0.0028, 0.0007, 0.9000;
  (236) 0.0652, 0.0301, 0.0019, 0.9000, 0.0012, 0.0009, 0.0007;
  (237) 0.0036, 0.0141, 0.9000, 0.0158, 0.0114, 0.0361, 0.0190;
  (238) 0.9000, 0.0704, 0.0208, 0.0041, 0.0021, 0.0002, 0.0024;
  (239) 0.0026, 0.0205, 0.0184, 0.9000, 0.0034, 0.0391, 0.0160;
  (240) 0.0838, 0.9000, 0.0056, 0.0095, 0.0004, 0.0003, 0.0004;
  (241) 0.0569, 0.0377, 0.0011, 0.0032, 0.9000, 0.0003, 0.0008;
  (242) 0.0596, 0.0227, 0.0097, 0.0078, 0.0001, 0.0001, 0.9000;
  (243) 0.0833, 0.0155, 0.0004, 0.0003, 0.0002, 0.9000, 0.0003;
  (244) 0.0392, 0.0607, 0.9000, 0.0000, 0.0000, 0.0000, 0.0001;
  (245) 0.0579, 0.0141, 0.9000, 0.0036, 0.0058, 0.0062, 0.0124;
  (246) 0.0859, 0.0108, 0.0002, 0.0013, 0.0014, 0.0004, 0.9000;
  (247) 0.9000, 0.0879, 0.0052, 0.0018, 0.0034, 0.0007, 0.0010;
  (248) 0.0418, 0.9000, 0.0523, 0.0040, 0.0002, 0.0014, 0.0003;
  (249) 0.0179, 0.0265, 0.0026, 0.0011, 0.0181, 0.9000, 0.0338;
  (250) 0.0700, 0.0119, 0.0085, 0.9000, 0.0041, 0.0007, 0.0048;
  (251) 0.0681, 0.0135, 0.0029, 0.0055, 0.9000, 0.0087, 0.0013;
  (252) 0.0128, 0.0745, 0.0075, 0.9000, 0.0023, 0.0019, 0.0010;
  (253) 0.0929, 0.0013, 0.0052, 0.0002, 0.0000, 0.0004, 0.9000;
  (254) 0.0358, 0.0326, 0.0251, 0.0054, 0.0007, 0.9000, 0.0004;
  (255) 0.0793, 0.0022, 0.0019, 0.0146, 0.9000, 0.0005, 0.0015;
  (256) 0.0866, 0.0048, 0.9000, 0.0041, 0.0045, 0.0000, 0.0000;
  (257) 0.9000, 0.0678, 0.0303, 0.0016, 0.0000, 0.0002, 0.0001;
  (258) 0.0353, 0.9000, 0.0208, 0.0311, 0.0014, 0.0101, 0.0013;
  (259) 0.0965, 0.9000, 0.0022, 0.0006, 0.0004, 0.0002, 0.0001;
  (260) 0.0361, 0.0536, 0.9000, 0.0031, 0.0056, 0.0013, 0.0003;
  (261) 0.0470, 0.0482, 0.0040, 0.9000, 0.0008, 0.0000, 0.0000;
  (262) 0.0205, 0.0334, 0.0320, 0.0096, 0.9000, 0.0016, 0.0029;
  (263) 0.0631, 0.0230, 0.0022, 0.0103, 0.0000, 0.9000, 0.0014;
  (264) 0.0734, 0.0221, 0.0022, 0.0014, 0.0007, 0.0002, 0.9000;
  (265) 0.9000, 0.0675, 0.0155, 0.0092, 0.0064, 0.0010, 0.0004;
  (266) 0.9000, 0.0516, 0.0128, 0.0252, 0.0039, 0.0014, 0.0051;
  (267) 0.0466, 0.0403, 0.0066, 0.0012, 0.9000, 0.0030, 0.0023;
  (268) 0.0680, 0.0287, 0.0026, 0.0005, 0.0002, 0.9000, 0.0000;
  (269) 0.0497, 0.0219, 0.0186, 0.0063, 0.0019, 0.0016, 0.9000;
  (270) 0.0440, 0.0164, 0.9000, 0.0300, 0.0071, 0.0007, 0.0018;
  (271) 0.0780, 0.9000, 0.0071, 0.0122, 0.0012, 0.0011, 0.0004;
  (272) 0.0576, 0.0093, 0.0255, 0.9000, 0.0028, 0.0025, 0.0023;
  (273) 0.0510, 0.0135, 0.0328, 0.0011, 0.0001, 0.0015, 0.9000;
  (274) 0.0369, 0.0233, 0.9000, 0.0265, 0.0074, 0.0053, 0.0006;
  (275) 0.0813, 0.9000, 0.0124, 0.0004, 0.0034, 0.0008, 0.0017;
  (276) 0.0557, 0.0257, 0.0154, 0.0025, 0.0002, 0.9000, 0.0005;
  (277) 0.9000, 0.0335, 0.0123, 0.0461, 0.0067, 0.0002, 0.0012;
  (278) 0.0090, 0.0716, 0.0098, 0.0084, 0.9000, 0.0001, 0.0011;
  (279) 0.0822, 0.0081, 0.0011, 0.9000, 0.0060, 0.0014, 0.0012;
  (280) 0.0805, 0.0193, 0.0000, 0.0001, 0.9000, 0.0001, 0.0000;
  (281) 0.0853, 0.0002, 0.0072, 0.0073, 0.0000, 0.9000, 0.0000;
  (282) 0.0496, 0.9000, 0.0249, 0.0155, 0.0069, 0.0019, 0.0012;
  (283) 0.0488, 0.0397, 0.0043, 0.9000, 0.0040, 0.0017, 0.0015;
  (284) 0.0084, 0.0466, 0.9000, 0.0441, 0.0006, 0.0001, 0.0002;
  (285) 0.9000, 0.0786, 0.0193, 0.0009, 0.0010, 0.0000, 0.0002;
  (286) 0.0968, 0.0006, 0.0001, 0.0007, 0.0006, 0.0012, 0.9000;
  (287) 0.9000, 0.0755, 0.0098, 0.0113, 0.0008, 0.0011, 0.0015;
  (288) 0.0683, 0.0048, 0.9000, 0.0022, 0.0180, 0.0020, 0.0047;
  (289) 0.0897, 0.9000, 0.0011, 0.0054, 0.0008, 0.0029, 0.0001;
  (290) 0.0909, 0.0052, 0.0015, 0.0013, 0.0005, 0.9000, 0.0006;
  (291) 0.0237, 0.0203, 0.0450, 0.9000, 0.0016, 0.0031, 0.0063;
  (292) 0.0756, 0.0106, 0.0080, 0.0026, 0.9000, 0.0030, 0.0002;
  (293) 0.0517, 0.0374, 0.0040, 0.0062, 0.0006, 0.0001, 0.9000;
  (294) 0.0394, 0.0005, 0.0480, 0.9000, 0.0031, 0.0059, 0.0031;
  (295) 0.0058, 0.0143, 0.0391, 0.0209, 0.0117, 0.9000, 0.0082;
  (296) 0.0199, 0.0364, 0.0047, 0.0023, 0.0183, 0.0184, 0.9000;
  (297) 0.0354, 0.9000, 0.0452, 0.0191, 0.0003, 0.0000, 0.0000;
  (298) 0.9000, 0.0160, 0.0300, 0.0232, 0.0035, 0.0193, 0.0080;
  (299) 0.0838, 0.0041, 0.0063, 0.0044, 0.9000, 0.0011, 0.0003;
  (300) 0.0955, 0.0035, 0.9000, 0.0007, 0.0002, 0.0000, 0.0001;
  (301) 0.9000, 0.0776, 0.0027, 0.0031, 0.0080, 0.0065, 0.0021;
  (302) 0.0520, 0.0177, 0.9000, 0.0033, 0.0046, 0.0092, 0.0132;
  (303) 0.0690, 0.0038, 0.0098, 0.0148, 0.0005, 0.0021, 0.9000;
  (304) 0.0722, 0.0205, 0.0045, 0.9000, 0.0027, 0.0000, 0.0001;
  (305) 0.0740, 0.0228, 0.0026, 0.0004, 0.0002, 0.9000, 0.0000;
  (306) 0.0753, 0.9000, 0.0178, 0.0025, 0.0020, 0.0014, 0.0010;
  (307) 0.0111, 0.0222, 0.0640, 0.0011, 0.9000, 0.0012, 0.0004;
  (308) 0.0776, 0.0205, 0.9000, 0.0004, 0.0002, 0.0012, 0.0001;
  (309) 0.0307, 0.0431, 0.0227, 0.0033, 0.0000, 0.9000, 0.0002;
  (310) 0.9000, 0.0601, 0.0162, 0.0202, 0.0009, 0.0010, 0.0016;
  (311) 0.0911, 0.9000, 0.0043, 0.0024, 0.0000, 0.0007, 0.0015;
  (312) 0.0668, 0.0173, 0.0128, 0.0014, 0.9000, 0.0017, 0.0000;
  (313) 0.0849, 0.0048, 0.0042, 0.0052, 0.0007, 0.0002, 0.9000;
  (314) 0.0737, 0.0105, 0.0057, 0.9000, 0.0058, 0.0033, 0.0010;
  (315) 0.0281, 0.0635, 0.0012, 0.9000, 0.0047, 0.0009, 0.0016;
  (316) 0.9000, 0.0608, 0.0109, 0.0175, 0.0098, 0.0001, 0.0009;
  (317) 0.0051, 0.0764, 0.0071, 0.0102, 0.0010, 0.0002, 0.9000;
  (318) 0.0661, 0.9000, 0.0145, 0.0139, 0.0007, 0.0004, 0.0044;
  (319) 0.0972, 0.0019, 0.0005, 0.0003, 0.0001, 0.9000, 0.0000;
  (320) 0.0563, 0.0387, 0.9000, 0.0045, 0.0003, 0.0000, 0.0002;
  (321) 0.0922, 0.0056, 0.0003, 0.0012, 0.9000, 0.0000, 0.0007;
  (322) 0.0939, 0.9000, 0.0034, 0.0020, 0.0001, 0.0002, 0.0004;
  (323) 0.0049, 0.0724, 0.0217, 0.0004, 0.0003, 0.0003, 0.9000;
  (324) 0.0425, 0.0203, 0.0141, 0.0218, 0.9000, 0.0001, 0.0012;
  (325) 0.0954, 0.0033, 0.0011, 0.0000, 0.0000, 0.9000, 0.0002;
  (326) 0.0457, 0.0537, 0.9000, 0.0003, 0.0000, 0.0002, 0.0001;
  (327) 0.9000, 0.0688, 0.0220, 0.0068, 0.0014, 0.0007, 0.0003;
  (328) 0.0778, 0.0203, 0.0009, 0.9000, 0.0006, 0.0004, 0.0000;
  (329) 0.0036, 0.0854, 0.9000, 0.0037, 0.0066, 0.0000, 0.0007;
  (330) 0.0505, 0.0395, 0.0066, 0.0029, 0.0002, 0.9000, 0.0003;
  (331) 0.9000, 0.0748, 0.0180, 0.0052, 0.0006, 0.0009, 0.0005;
  (332) 0.0759, 0.0116, 0.0010, 0.0074, 0.0032, 0.0009, 0.9000;
  (333) 0.0336, 0.0523, 0.0085, 0.0023, 0.9000, 0.0008, 0.0025;
  (334) 0.0839, 0.0080, 0.0074, 0.9000, 0.0005, 0.0001, 0.0001;
  (335) 0.0072, 0.9000, 0.0567, 0.0349, 0.0011, 0.0000, 0.0001;
  (336) 0.0303, 0.0412, 0.0262, 0.0004, 0.9000, 0.0001, 0.0018;
  (337) 0.0862, 0.0092, 0.0016, 0.0025, 0.0003, 0.0002, 0.9000;
  (338) 0.0035, 0.0519, 0.0241, 0.0176, 0.0008, 0.9000, 0.0021;
  (339) 0.9000, 0.0260, 0.0446, 0.0235, 0.0022, 0.0019, 0.0018;
  (340) 0.0586, 0.0205, 0.0013, 0.9000, 0.0146, 0.0005, 0.0045;
  (341) 0.0879, 0.9000, 0.0024, 0.0002, 0.0047, 0.0045, 0.0003;
  (342) 0.0039, 0.0670, 0.9000, 0.0234, 0.0030, 0.0000, 0.0027;
  (343) 0.0689, 0.0040, 0.9000, 0.0241, 0.0016, 0.0001, 0.0013;
  (344) 0.0978, 0.9000, 0.0015, 0.0007, 0.0000, 0.0000, 0.0000;
  (345) 0.0755, 0.0173, 0.0041, 0.0003, 0.0006, 0.0022, 0.9000;
  (346) 0.9000, 0.0050, 0.0062, 0.0270, 0.0118, 0.0143, 0.0357;
  (347) 0.0878, 0.0094, 0.0022, 0.9000, 0.0001, 0.0003, 0.0002;
  (348) 0.0528, 0.0240, 0.0033, 0.0039, 0.0145, 0.9000, 0.0015;
  (349) 0.0470, 0.0114, 0.0307, 0.0035, 0.9000, 0.0062, 0.0012;
  (350) 0.0932, 0.0042, 0.0018, 0.0007, 0.0000, 0.9000, 0.0001;
  (351) 0.0624, 0.9000, 0.0215, 0.0045, 0.0007, 0.0037, 0.0072;
  (352) 0.0389, 0.0465, 0.0076, 0.0015, 0.9000, 0.0033, 0.0022;
  (353) 0.9000, 0.0054, 0.0183, 0.0566, 0.0063, 0.0122, 0.0012;
  (354) 0.0350, 0.0006, 0.0248, 0.0073, 0.0111, 0.0212, 0.9000;
  (355) 0.0807, 0.0075, 0.9000, 0.0115, 0.0000, 0.0002, 0.0001;
  (356) 0.0980, 0.0011, 0.0000, 0.9000, 0.0003, 0.0005, 0.0001;
  (357) 0.0956, 0.0031, 0.0006, 0.0002, 0.9000, 0.0004, 0.0001;
  (358) 0.0094, 0.0733, 0.0033, 0.0064, 0.0060, 0.9000, 0.0016;
  (359) 0.0749, 0.0001, 0.0175, 0.0065, 0.0008, 0.0002, 0.9000;
  (360) 0.0330, 0.0314, 0.0007, 0.9000, 0.0034, 0.0213, 0.0102;
  (361) 0.0911, 0.9000, 0.0071, 0.0011, 0.0007, 0.0000, 0.0000;
  (362) 0.0772, 0.0221, 0.9000, 0.0004, 0.0001, 0.0001, 0.0001;
  (363) 0.9000, 0.0593, 0.0032, 0.0227, 0.0099, 0.0041, 0.0008;
  (364) 0.0790, 0.0158, 0.0002, 0.0013, 0.9000, 0.0033, 0.0004;
  (365) 0.9000, 0.0750, 0.0030, 0.0006, 0.0012, 0.0161, 0.0041;
  (366) 0.0116, 0.9000, 0.0585, 0.0060, 0.0145, 0.0087, 0.0007;
  (367) 0.0686, 0.0030, 0.0207, 0.9000, 0.0069, 0.0001, 0.0007;
  (368) 0.0128, 0.0523, 0.0031, 0.0164, 0.0120, 0.0034, 0.9000;
  (369) 0.0218, 0.0347, 0.9000, 0.0295, 0.0011, 0.0107, 0.0022;
  (370) 0.0558, 0.0439, 0.0002, 0.0000, 0.0000, 0.9000, 0.0001;
  (371) 0.0248, 0.0009, 0.0699, 0.9000, 0.0023, 0.0004, 0.0017;
  (372) 0.0259, 0.0736, 0.0004, 0.0000, 0.0001, 0.0000, 0.9000;
  (373) 0.9000, 0.0414, 0.0203, 0.0383, 0.0000, 0.0000, 0.0000;
  (374) 0.0059, 0.9000, 0.0836, 0.0048, 0.0035, 0.0002, 0.0020;
  (375) 0.0500, 0.0265, 0.9000, 0.0182, 0.0047, 0.0005, 0.0001;
  (376) 0.0076, 0.0802, 0.0036, 0.0071, 0.0001, 0.9000, 0.0014;
  (377) 0.0103, 0.0700, 0.0052, 0.0093, 0.9000, 0.0010, 0.0042;
  (378) 0.0070, 0.0703, 0.9000, 0.0225, 0.0002, 0.0000, 0.0000;
  (379) 0.0900, 0.0020, 0.0055, 0.9000, 0.0016, 0.0003, 0.0006;
  (380) 0.0600, 0.0340, 0.0036, 0.0006, 0.0001, 0.9000, 0.0017;
  (381) 0.0935, 0.0004, 0.0026, 0.0032, 0.0001, 0.0002, 0.9000;
  (382) 0.0212, 0.9000, 0.0750, 0.0023, 0.0010, 0.0004, 0.0001;
  (383) 0.0189, 0.0496, 0.0033, 0.0029, 0.9000, 0.0072, 0.0181;
  (384) 0.9000, 0.0225, 0.0221, 0.0471, 0.0081, 0.0001, 0.0001;
  (385) 0.9000, 0.0374, 0.0054, 0.0084, 0.0189, 0.0042, 0.0257;
  (386) 0.0969, 0.0023, 0.0004, 0.9000, 0.0000, 0.0002, 0.0002;
  (387) 0.0526, 0.0144, 0.0132, 0.0051, 0.0097, 0.9000, 0.0050;
  (388) 0.0738, 0.0059, 0.9000, 0.0045, 0.0086, 0.0026, 0.0046;
  (389) 0.0552, 0.0360, 0.0025, 0.0035, 0.9000, 0.0018, 0.0010;
  (390) 0.0210, 0.9000, 0.0457, 0.0162, 0.0008, 0.0090, 0.0073;
  (391) 0.0933, 0.0019, 0.0001, 0.0000, 0.0019, 0.0028, 0.9000;
  (392) 0.9000, 0.0866, 0.0082, 0.0032, 0.0014, 0.0001, 0.0005;
  (393) 0.0755, 0.9000, 0.0058, 0.0141, 0.0004, 0.0016, 0.0026;
  (394) 0.0507, 0.0103, 0.0328, 0.0006, 0.0031, 0.0025, 0.9000;
  (395) 0.0149, 0.0344, 0.0033, 0.0385, 0.0070, 0.9000, 0.0019;
  (396) 0.0917, 0.0001, 0.9000, 0.0008, 0.0032, 0.0038, 0.0004;
  (397) 0.0493, 0.0197, 0.0114, 0.9000, 0.0191, 0.0004, 0.0001;
  (398) 0.0122, 0.0127, 0.0494, 0.0195, 0.9000, 0.0000, 0.0062;
  (399) 0.0774, 0.0093, 0.0100, 0.0033, 0.9000, 0.0000, 0.0000;
  (400) 0.9000, 0.0584, 0.0224, 0.0035, 0.0008, 0.0074, 0.0075;
  (401) 0.0875, 0.0018, 0.0080, 0.0003, 0.0003, 0.9000, 0.0021;
  (402) 0.0575, 0.0184, 0.0060, 0.9000, 0.0072, 0.0086, 0.0023;
  (403) 0.0530, 0.9000, 0.0246, 0.0028, 0.0124, 0.0048, 0.0024;
  (404) 0.0685, 0.0301, 0.9000, 0.0006, 0.0003, 0.0001, 0.0004;
  (405) 0.0967, 0.0018, 0.0012, 0.0003, 0.0000, 0.0000, 0.9000;
  (406) 0.0860, 0.0102, 0.0007, 0.0031, 0.0000, 0.0000, 0.9000;
  (407) 0.0707, 0.0280, 0.0010, 0.9000, 0.0001, 0.0002, 0.0000;
  (408) 0.0652, 0.0183, 0.0015, 0.0148, 0.0000, 0.9000, 0.0002;
  (409) 0.0081, 0.0582, 0.0158, 0.0090, 0.9000, 0.0037, 0.0052;
  (410) 0.0524, 0.9000, 0.0173, 0.0196, 0.0056, 0.0039, 0.0012;
  (411) 0.0423, 0.0406, 0.9000, 0.0092, 0.0039, 0.0026, 0.0014;
  (412) 0.9000, 0.0958, 0.0022, 0.0002, 0.0014, 0.0001, 0.0003;
  (413) 0.0512, 0.9000, 0.0290, 0.0118, 0.0008, 0.0006, 0.0066;
  (414) 0.0227, 0.0064, 0.9000, 0.0569, 0.0101, 0.0022, 0.0017;
  (415) 0.0659, 0.0076, 0.0159, 0.0011, 0.0070, 0.0025, 0.9000;
  (416) 0.9000, 0.0639, 0.0095, 0.0237, 0.0010, 0.0009, 0.0010;
  (417) 0.0318, 0.0667, 0.0001, 0.0005, 0.0001, 0.9000, 0.0008;
  (418) 0.0802, 0.0013, 0.0161, 0.0006, 0.9000, 0.0014, 0.0004;
  (419) 0.0401, 0.0502, 0.0054, 0.9000, 0.0017, 0.0015, 0.0011;
  (420) 0.9000, 0.0719, 0.0048, 0.0053, 0.0036, 0.0055, 0.0089;
  (421) 0.0735, 0.0086, 0.0152, 0.0002, 0.0005, 0.9000, 0.0020;
  (422) 0.0245, 0.0518, 0.0168, 0.0015, 0.0036, 0.0018, 0.9000;
  (423) 0.0436, 0.0210, 0.0142, 0.9000, 0.0103, 0.0052, 0.0057;
  (424) 0.0775, 0.0009, 0.9000, 0.0205, 0.0000, 0.0011, 0.0000;
