2025-06-10 18:47:23 - root - INFO - 日志配置完成。
2025-06-10 18:47:23 - root - INFO - Config: dataset=dblp10k.csv, sample_size=4000, null_equal_null=True
2025-06-10 18:47:23 - root - INFO - 开始执行 CAFD...
2025-06-10 18:47:23 - Cafd - INFO - Executing CAFD on: E:\资料\C-AFD\rule_mining\data\real_world_data\dblp10k.csv
2025-06-10 18:47:23 - Cafd - INFO - Using ground truth: E:\资料\C-AFD\rule_mining\groundtruth\real_world_data\dblp10k.txt
2025-06-10 18:47:23 - Sampler - INFO - Reading dataset from: E:\资料\C-AFD\rule_mining\data\real_world_data\dblp10k.csv
2025-06-10 18:47:23 - Sampler - INFO - 移除全空列：4 / 34
2025-06-10 18:47:23 - Sampler - INFO - 移除单一值列：0 个
2025-06-10 18:47:23 - Sampler - INFO - 使用用户指定的抽样数: 2000
2025-06-10 18:47:23 - Sampler - INFO - 抽样 2000 行，随机种子：3068546620
2025-06-10 18:47:23 - Sampler - INFO - 抽样结果已保存至: rule_mining/data/sample_data/sample_data.csv
2025-06-10 18:47:23 - rule_mining.Incorporate_into - INFO - 列 11 的值被合并替换，替换对：{(24, 36), (21, 22), (24, 39), (20, 32), (21, 31), (5, 10), (23, 25), (8, 12), (2, 11), (28, 33), (27, 31), (32, 33), (24, 38), (26, 29), (5, 6), (7, 37), (20, 28), (21, 27), (0, 7), (22, 31), (0, 4), (36, 39), (28, 32), (6, 10), (0, 37), (4, 7), (3, 11), (22, 27), (38, 39), (20, 33), (2, 3), (9, 18), (36, 38), (4, 37), (1, 19)}，新 PLI 簇数：19
2025-06-10 18:47:23 - rule_mining.Incorporate_into - INFO - 所有列的 PLI 更新完成。
2025-06-10 18:47:23 - Cafd - INFO - Processing search space: <SearchSpace_bit.SearchSpace object at 0x000001E8265BA970>
2025-06-10 18:47:23 - rule_mining.Correlation_utils - INFO - 计算列 ['samename'] 和列 sameentity 之间的φ²: 0.0002542650393909298
2025-06-10 18:47:23 - rule_mining.Correlation_utils - INFO - 计算列 ['samename'] 和列 sameentity 之间的相关性 (φ²): 0.0
2025-06-10 18:47:23 - rule_mining.Correlation_utils - INFO - 计算列 ['author1'] 和列 sameentity 之间的φ²: 0.9380600358422924
2025-06-10 18:47:23 - rule_mining.Correlation_utils - INFO - 计算列 ['author1'] 和列 sameentity 之间的相关性 (φ²): 0.9087606337096008
2025-06-10 18:47:23 - rule_mining.Correlation_utils - INFO - 行方向得分: 0.9705, 列方向得分: 0.0239
2025-06-10 18:47:23 - SearchSpace_bit - INFO - 发现函数依赖: ['author1'] -> sameentity
2025-06-10 18:47:23 - rule_mining.Correlation_utils - INFO - 计算列 ['author2'] 和列 sameentity 之间的φ²: 0.9353101286704043
2025-06-10 18:47:23 - rule_mining.Correlation_utils - INFO - 计算列 ['author2'] 和列 sameentity 之间的相关性 (φ²): 0.904639361518277
2025-06-10 18:47:23 - rule_mining.Correlation_utils - INFO - 行方向得分: 0.9691, 列方向得分: 0.0238
2025-06-10 18:47:23 - SearchSpace_bit - INFO - 发现函数依赖: ['author2'] -> sameentity
2025-06-10 18:47:23 - rule_mining.Correlation_utils - INFO - 计算列 ['key1'] 和列 sameentity 之间的φ²: 0.857520564042304
2025-06-10 18:47:23 - rule_mining.Correlation_utils - INFO - 计算列 ['key1'] 和列 sameentity 之间的相关性 (φ²): 0.736961041308869
2025-06-10 18:47:23 - rule_mining.Correlation_utils - INFO - 行方向得分: 0.9485, 列方向得分: 0.0619
2025-06-10 18:47:23 - SearchSpace_bit - INFO - 发现函数依赖: ['key1'] -> sameentity
2025-06-10 18:47:23 - rule_mining.Correlation_utils - INFO - 计算列 ['key2'] 和列 sameentity 之间的φ²: 0.8837606837606837
2025-06-10 18:47:23 - rule_mining.Correlation_utils - INFO - 计算列 ['key2'] 和列 sameentity 之间的相关性 (φ²): 0.7850368809272918
2025-06-10 18:47:23 - rule_mining.Correlation_utils - INFO - 行方向得分: 0.9485, 列方向得分: 0.0588
2025-06-10 18:47:23 - SearchSpace_bit - INFO - 发现函数依赖: ['key2'] -> sameentity
2025-06-10 18:47:23 - rule_mining.Correlation_utils - INFO - 计算列 ['p1type'] 和列 sameentity 之间的φ²: 0.0013864529243390277
2025-06-10 18:47:23 - rule_mining.Correlation_utils - INFO - 计算列 ['p1type'] 和列 sameentity 之间的相关性 (φ²): 0.00038533658641856563
2025-06-10 18:47:23 - rule_mining.Correlation_utils - INFO - 计算列 ['p1author'] 和列 sameentity 之间的φ²: 0.9050314465408806
2025-06-10 18:47:23 - rule_mining.Correlation_utils - INFO - 计算列 ['p1author'] 和列 sameentity 之间的相关性 (φ²): 0.8324084350721422
2025-06-10 18:47:23 - rule_mining.Correlation_utils - INFO - 行方向得分: 0.9603, 列方向得分: 0.0530
2025-06-10 18:47:23 - SearchSpace_bit - INFO - 发现函数依赖: ['p1author'] -> sameentity
2025-06-10 18:47:23 - rule_mining.Correlation_utils - INFO - 计算列 ['p1title'] 和列 sameentity 之间的φ²: 0.8800093196644919
2025-06-10 18:47:23 - rule_mining.Correlation_utils - INFO - 计算列 ['p1title'] 和列 sameentity 之间的相关性 (φ²): 0.7774718291959668
2025-06-10 18:47:23 - rule_mining.Correlation_utils - INFO - 行方向得分: 0.9515, 列方向得分: 0.0583
2025-06-10 18:47:23 - SearchSpace_bit - INFO - 发现函数依赖: ['p1title'] -> sameentity
2025-06-10 18:47:23 - rule_mining.Correlation_utils - INFO - 计算列 ['p1booktitle'] 和列 sameentity 之间的φ²: 0.42514089757753903
2025-06-10 18:47:23 - rule_mining.Correlation_utils - INFO - 计算列 ['p1booktitle'] 和列 sameentity 之间的相关性 (φ²): 0.13078533308411025
2025-06-10 18:47:23 - rule_mining.Correlation_utils - INFO - 计算列 ['p1booktitlefull'] 和列 sameentity 之间的φ²: 0.3882819411917783
2025-06-10 18:47:23 - rule_mining.Correlation_utils - INFO - 计算列 ['p1booktitlefull'] 和列 sameentity 之间的相关性 (φ²): 0.0897635284933661
2025-06-10 18:47:23 - rule_mining.Correlation_utils - INFO - 计算列 ['p1year'] 和列 sameentity 之间的φ²: 0.020698411878333673
2025-06-10 18:47:23 - rule_mining.Correlation_utils - INFO - 计算列 ['p1year'] 和列 sameentity 之间的相关性 (φ²): 0.004210170853836228
2025-06-10 18:47:23 - rule_mining.Correlation_utils - INFO - 计算列 ['p1journal'] 和列 sameentity 之间的φ²: 0.2593600554011884
2025-06-10 18:47:23 - rule_mining.Correlation_utils - INFO - 计算列 ['p1journal'] 和列 sameentity 之间的相关性 (φ²): 0.002760389555930849
2025-06-10 18:47:23 - rule_mining.Correlation_utils - INFO - 计算列 ['p1journalfull'] 和列 sameentity 之间的φ²: 0.25
2025-06-10 18:47:23 - rule_mining.Correlation_utils - INFO - 计算列 ['p1journalfull'] 和列 sameentity 之间的相关性 (φ²): 0.0
2025-06-10 18:47:23 - rule_mining.Correlation_utils - INFO - 计算列 ['p1publisher'] 和列 sameentity 之间的φ²: 0.33333333333333326
2025-06-10 18:47:23 - rule_mining.Correlation_utils - INFO - 计算列 ['p1publisher'] 和列 sameentity 之间的相关性 (φ²): 0.0
2025-06-10 18:47:23 - rule_mining.Correlation_utils - WARNING - 列联表为空，返回 invalid
2025-06-10 18:47:23 - rule_mining.Correlation_utils - INFO - 计算列 ['p1id'] 和列 sameentity 之间的φ²: 0.857520564042304
2025-06-10 18:47:23 - rule_mining.Correlation_utils - INFO - 计算列 ['p1id'] 和列 sameentity 之间的相关性 (φ²): 0.736961041308869
2025-06-10 18:47:23 - rule_mining.Correlation_utils - INFO - 行方向得分: 0.9485, 列方向得分: 0.0619
2025-06-10 18:47:23 - SearchSpace_bit - INFO - 发现函数依赖: ['p1id'] -> sameentity
2025-06-10 18:47:23 - rule_mining.Correlation_utils - INFO - 计算列 ['p1key'] 和列 sameentity 之间的φ²: 0.857520564042304
2025-06-10 18:47:23 - rule_mining.Correlation_utils - INFO - 计算列 ['p1key'] 和列 sameentity 之间的相关性 (φ²): 0.736961041308869
2025-06-10 18:47:23 - rule_mining.Correlation_utils - INFO - 行方向得分: 0.9485, 列方向得分: 0.0619
2025-06-10 18:47:23 - SearchSpace_bit - INFO - 发现函数依赖: ['p1key'] -> sameentity
2025-06-10 18:47:23 - rule_mining.Correlation_utils - INFO - 计算列 ['p2type'] 和列 sameentity 之间的φ²: 0.0014919517885985647
2025-06-10 18:47:23 - rule_mining.Correlation_utils - INFO - 计算列 ['p2type'] 和列 sameentity 之间的相关性 (φ²): 0.0004914427222544751
2025-06-10 18:47:23 - rule_mining.Correlation_utils - INFO - 计算列 ['p2author'] 和列 sameentity 之间的φ²: 0.9104084321475631
2025-06-10 18:47:23 - rule_mining.Correlation_utils - INFO - 计算列 ['p2author'] 和列 sameentity 之间的相关性 (φ²): 0.8418514063126548
2025-06-10 18:47:23 - rule_mining.Correlation_utils - INFO - 行方向得分: 0.9608, 列方向得分: 0.0392
2025-06-10 18:47:23 - SearchSpace_bit - INFO - 发现函数依赖: ['p2author'] -> sameentity
2025-06-10 18:47:23 - rule_mining.Correlation_utils - INFO - 计算列 ['p2title'] 和列 sameentity 之间的φ²: 0.8845878136200708
2025-06-10 18:47:23 - rule_mining.Correlation_utils - INFO - 计算列 ['p2title'] 和列 sameentity 之间的相关性 (φ²): 0.786331492783104
2025-06-10 18:47:23 - rule_mining.Correlation_utils - INFO - 行方向得分: 0.9493, 列方向得分: 0.0580
2025-06-10 18:47:23 - SearchSpace_bit - INFO - 发现函数依赖: ['p2title'] -> sameentity
2025-06-10 18:47:23 - rule_mining.Correlation_utils - INFO - 计算列 ['p2booktitle'] 和列 sameentity 之间的φ²: 0.4285709207503961
2025-06-10 18:47:23 - rule_mining.Correlation_utils - INFO - 计算列 ['p2booktitle'] 和列 sameentity 之间的相关性 (φ²): 0.1494497935784742
2025-06-10 18:47:23 - rule_mining.Correlation_utils - INFO - 计算列 ['p2booktitlefull'] 和列 sameentity 之间的φ²: 0.4237218687873086
2025-06-10 18:47:23 - rule_mining.Correlation_utils - INFO - 计算列 ['p2booktitlefull'] 和列 sameentity 之间的相关性 (φ²): 0.16321257659527005
2025-06-10 18:47:23 - rule_mining.Correlation_utils - INFO - 计算列 ['p2year'] 和列 sameentity 之间的φ²: 0.025963814784058386
2025-06-10 18:47:23 - rule_mining.Correlation_utils - INFO - 计算列 ['p2year'] 和列 sameentity 之间的相关性 (φ²): 0.0075387949205666495
2025-06-10 18:47:23 - rule_mining.Correlation_utils - INFO - 计算列 ['p2journal'] 和列 sameentity 之间的φ²: 0.358916221735872
2025-06-10 18:47:23 - rule_mining.Correlation_utils - INFO - 计算列 ['p2journal'] 和列 sameentity 之间的相关性 (φ²): 0.12017929389272017
2025-06-10 18:47:23 - rule_mining.Correlation_utils - INFO - 计算列 ['p2journalfull'] 和列 sameentity 之间的φ²: 0.3526785714285713
2025-06-10 18:47:23 - rule_mining.Correlation_utils - INFO - 计算列 ['p2journalfull'] 和列 sameentity 之间的相关性 (φ²): 0.0
2025-06-10 18:47:23 - rule_mining.Correlation_utils - WARNING - 列联表为空，返回 invalid
2025-06-10 18:47:23 - rule_mining.Correlation_utils - WARNING - 列联表为空，返回 invalid
2025-06-10 18:47:23 - rule_mining.Correlation_utils - INFO - 计算列 ['p2id'] 和列 sameentity 之间的φ²: 0.8837606837606837
2025-06-10 18:47:23 - rule_mining.Correlation_utils - INFO - 计算列 ['p2id'] 和列 sameentity 之间的相关性 (φ²): 0.7850368809272918
2025-06-10 18:47:23 - rule_mining.Correlation_utils - INFO - 行方向得分: 0.9485, 列方向得分: 0.0588
2025-06-10 18:47:23 - SearchSpace_bit - INFO - 发现函数依赖: ['p2id'] -> sameentity
2025-06-10 18:47:23 - rule_mining.Correlation_utils - INFO - 计算列 ['p2key'] 和列 sameentity 之间的φ²: 0.8837606837606837
2025-06-10 18:47:23 - rule_mining.Correlation_utils - INFO - 计算列 ['p2key'] 和列 sameentity 之间的相关性 (φ²): 0.7850368809272918
2025-06-10 18:47:23 - rule_mining.Correlation_utils - INFO - 行方向得分: 0.9485, 列方向得分: 0.0588
2025-06-10 18:47:23 - SearchSpace_bit - INFO - 发现函数依赖: ['p2key'] -> sameentity
2025-06-10 18:47:23 - rule_mining.Correlation_utils - INFO - 计算列 ['p1booktitle', 'p1booktitlefull'] 和列 sameentity 之间的φ²: 0.42514089757753903
2025-06-10 18:47:23 - rule_mining.Correlation_utils - INFO - 计算列 ['p1booktitle', 'p1booktitlefull'] 和列 sameentity 之间的相关性 (φ²): 0.13078533308411025
2025-06-10 18:47:23 - rule_mining.Correlation_utils - INFO - 计算列 ['p1booktitle', 'p2booktitle'] 和列 sameentity 之间的φ²: 0.7412245482694204
2025-06-10 18:47:23 - rule_mining.Correlation_utils - INFO - 计算列 ['p1booktitle', 'p2booktitle'] 和列 sameentity 之间的相关性 (φ²): 0.10203725735886428
2025-06-10 18:47:23 - rule_mining.Correlation_utils - INFO - 计算列 ['p1booktitlefull', 'p2booktitle'] 和列 sameentity 之间的φ²: 0.7337757645479834
2025-06-10 18:47:23 - rule_mining.Correlation_utils - INFO - 计算列 ['p1booktitlefull', 'p2booktitle'] 和列 sameentity 之间的相关性 (φ²): 0.09141820561330113
2025-06-10 18:47:23 - rule_mining.Correlation_utils - INFO - 计算列 ['p1booktitle', 'p2booktitlefull'] 和列 sameentity 之间的φ²: 0.5964183134027353
2025-06-10 18:47:23 - rule_mining.Correlation_utils - INFO - 计算列 ['p1booktitle', 'p2booktitlefull'] 和列 sameentity 之间的相关性 (φ²): 0.10354864304501395
2025-06-10 18:47:23 - rule_mining.Correlation_utils - INFO - 计算列 ['p1booktitlefull', 'p2booktitlefull'] 和列 sameentity 之间的φ²: 0.5989651040168749
2025-06-10 18:47:23 - rule_mining.Correlation_utils - INFO - 计算列 ['p1booktitlefull', 'p2booktitlefull'] 和列 sameentity 之间的相关性 (φ²): 0.0791050536683792
2025-06-10 18:47:23 - rule_mining.Correlation_utils - INFO - 计算列 ['p2booktitle', 'p2booktitlefull'] 和列 sameentity 之间的φ²: 0.4285709207503961
2025-06-10 18:47:23 - rule_mining.Correlation_utils - INFO - 计算列 ['p2booktitle', 'p2booktitlefull'] 和列 sameentity 之间的相关性 (φ²): 0.1494497935784742
2025-06-10 18:47:23 - rule_mining.Correlation_utils - INFO - 计算列 ['p1booktitle', 'p2journal'] 和列 sameentity 之间的φ²: 0.6246949851925429
2025-06-10 18:47:23 - rule_mining.Correlation_utils - INFO - 计算列 ['p1booktitle', 'p2journal'] 和列 sameentity 之间的相关性 (φ²): 0.1564039517909994
2025-06-10 18:47:23 - rule_mining.Correlation_utils - INFO - 计算列 ['p1booktitlefull', 'p2journal'] 和列 sameentity 之间的φ²: 0.5821859767114325
2025-06-10 18:47:23 - rule_mining.Correlation_utils - INFO - 计算列 ['p1booktitlefull', 'p2journal'] 和列 sameentity 之间的相关性 (φ²): 0.10157909443151958
2025-06-10 18:47:23 - rule_mining.Correlation_utils - INFO - 计算列 ['p2booktitle', 'p2journal'] 和列 sameentity 之间的φ²: 0.4285709207503961
2025-06-10 18:47:23 - rule_mining.Correlation_utils - INFO - 计算列 ['p2booktitle', 'p2journal'] 和列 sameentity 之间的相关性 (φ²): 0.1494497935784742
2025-06-10 18:47:23 - rule_mining.Correlation_utils - INFO - 计算列 ['p2booktitlefull', 'p2journal'] 和列 sameentity 之间的φ²: 0.4237218687873086
2025-06-10 18:47:23 - rule_mining.Correlation_utils - INFO - 计算列 ['p2booktitlefull', 'p2journal'] 和列 sameentity 之间的相关性 (φ²): 0.16321257659527005
2025-06-10 18:47:23 - rule_mining.Correlation_utils - WARNING - 期望分布频数表不符合要求，无法计算相关性。
2025-06-10 18:47:23 - rule_mining.Correlation_utils - WARNING - 期望分布频数表不符合要求，无法计算相关性。
2025-06-10 18:47:23 - rule_mining.Correlation_utils - WARNING - 期望分布频数表不符合要求，无法计算相关性。
2025-06-10 18:47:23 - rule_mining.Correlation_utils - WARNING - 期望分布频数表不符合要求，无法计算相关性。
2025-06-10 18:47:23 - rule_mining.Correlation_utils - WARNING - 期望分布频数表不符合要求，无法计算相关性。
2025-06-10 18:47:23 - rule_mining.Correlation_utils - WARNING - 期望分布频数表不符合要求，无法计算相关性。
2025-06-10 18:47:23 - rule_mining.Correlation_utils - WARNING - 期望分布频数表不符合要求，无法计算相关性。
2025-06-10 18:47:23 - rule_mining.Correlation_utils - WARNING - 期望分布频数表不符合要求，无法计算相关性。
2025-06-10 18:47:23 - rule_mining.Correlation_utils - WARNING - 期望分布频数表不符合要求，无法计算相关性。
2025-06-10 18:47:23 - rule_mining.Correlation_utils - WARNING - 期望分布频数表不符合要求，无法计算相关性。
2025-06-10 18:47:23 - Cafd - INFO - Processing search space: <SearchSpace_bit.SearchSpace object at 0x000001E8265BA880>
2025-06-10 18:47:23 - SearchSpace_bit - INFO - 从全局结论表中命中缓存: sameentity->samename
2025-06-10 18:47:23 - rule_mining.Correlation_utils - INFO - 计算列 ['author1'] 和列 samename 之间的φ²: 0.9380600358422924
2025-06-10 18:47:23 - rule_mining.Correlation_utils - INFO - 计算列 ['author1'] 和列 samename 之间的相关性 (φ²): 0.9087606337096008
2025-06-10 18:47:23 - rule_mining.Correlation_utils - INFO - 行方向得分: 0.9705, 列方向得分: 0.0239
2025-06-10 18:47:23 - SearchSpace_bit - INFO - 发现函数依赖: ['author1'] -> samename
2025-06-10 18:47:23 - rule_mining.Correlation_utils - INFO - 计算列 ['author2'] 和列 samename 之间的φ²: 0.9353101286704043
2025-06-10 18:47:23 - rule_mining.Correlation_utils - INFO - 计算列 ['author2'] 和列 samename 之间的相关性 (φ²): 0.904639361518277
2025-06-10 18:47:23 - rule_mining.Correlation_utils - INFO - 行方向得分: 0.9691, 列方向得分: 0.0238
2025-06-10 18:47:23 - SearchSpace_bit - INFO - 发现函数依赖: ['author2'] -> samename
2025-06-10 18:47:23 - rule_mining.Correlation_utils - INFO - 计算列 ['key1'] 和列 samename 之间的φ²: 0.857520564042304
2025-06-10 18:47:23 - rule_mining.Correlation_utils - INFO - 计算列 ['key1'] 和列 samename 之间的相关性 (φ²): 0.736961041308869
2025-06-10 18:47:23 - rule_mining.Correlation_utils - INFO - 行方向得分: 0.9485, 列方向得分: 0.0619
2025-06-10 18:47:23 - SearchSpace_bit - INFO - 发现函数依赖: ['key1'] -> samename
2025-06-10 18:47:23 - rule_mining.Correlation_utils - INFO - 计算列 ['key2'] 和列 samename 之间的φ²: 0.8837606837606837
2025-06-10 18:47:23 - rule_mining.Correlation_utils - INFO - 计算列 ['key2'] 和列 samename 之间的相关性 (φ²): 0.7850368809272918
2025-06-10 18:47:23 - rule_mining.Correlation_utils - INFO - 行方向得分: 0.9485, 列方向得分: 0.0588
2025-06-10 18:47:23 - SearchSpace_bit - INFO - 发现函数依赖: ['key2'] -> samename
2025-06-10 18:47:23 - rule_mining.Correlation_utils - INFO - 计算列 ['p1type'] 和列 samename 之间的φ²: 0.0005857065733108084
2025-06-10 18:47:23 - rule_mining.Correlation_utils - INFO - 计算列 ['p1type'] 和列 samename 之间的相关性 (φ²): 0.0
2025-06-10 18:47:23 - rule_mining.Correlation_utils - INFO - 计算列 ['p1author'] 和列 samename 之间的φ²: 0.9050314465408806
2025-06-10 18:47:23 - rule_mining.Correlation_utils - INFO - 计算列 ['p1author'] 和列 samename 之间的相关性 (φ²): 0.8324084350721422
2025-06-10 18:47:23 - rule_mining.Correlation_utils - INFO - 行方向得分: 0.9603, 列方向得分: 0.0530
2025-06-10 18:47:23 - SearchSpace_bit - INFO - 发现函数依赖: ['p1author'] -> samename
2025-06-10 18:47:23 - rule_mining.Correlation_utils - INFO - 计算列 ['p1title'] 和列 samename 之间的φ²: 0.8800093196644919
2025-06-10 18:47:23 - rule_mining.Correlation_utils - INFO - 计算列 ['p1title'] 和列 samename 之间的相关性 (φ²): 0.7774718291959668
2025-06-10 18:47:23 - rule_mining.Correlation_utils - INFO - 行方向得分: 0.9515, 列方向得分: 0.0583
2025-06-10 18:47:23 - SearchSpace_bit - INFO - 发现函数依赖: ['p1title'] -> samename
2025-06-10 18:47:23 - rule_mining.Correlation_utils - INFO - 计算列 ['p1booktitle'] 和列 samename 之间的φ²: 0.43396425754802276
2025-06-10 18:47:23 - rule_mining.Correlation_utils - INFO - 计算列 ['p1booktitle'] 和列 samename 之间的相关性 (φ²): 0.14412667858164888
2025-06-10 18:47:23 - rule_mining.Correlation_utils - INFO - 计算列 ['p1booktitlefull'] 和列 samename 之间的φ²: 0.39100979656975576
2025-06-10 18:47:23 - rule_mining.Correlation_utils - INFO - 计算列 ['p1booktitlefull'] 和列 samename 之间的相关性 (φ²): 0.09382257729579659
2025-06-10 18:47:23 - rule_mining.Correlation_utils - INFO - 计算列 ['p1year'] 和列 samename 之间的φ²: 0.01085420906096624
2025-06-10 18:47:23 - rule_mining.Correlation_utils - INFO - 计算列 ['p1year'] 和列 samename 之间的相关性 (φ²): 0.0
2025-06-10 18:47:23 - rule_mining.Correlation_utils - INFO - 计算列 ['p1journal'] 和列 samename 之间的φ²: 0.30859617048322247
2025-06-10 18:47:23 - rule_mining.Correlation_utils - INFO - 计算列 ['p1journal'] 和列 samename 之间的相关性 (φ²): 0.06905468624118932
2025-06-10 18:47:23 - rule_mining.Correlation_utils - INFO - 计算列 ['p1journalfull'] 和列 samename 之间的φ²: 0.6666666666666666
2025-06-10 18:47:23 - rule_mining.Correlation_utils - INFO - 计算列 ['p1journalfull'] 和列 samename 之间的相关性 (φ²): 0.44444444444444436
2025-06-10 18:47:23 - rule_mining.Correlation_utils - INFO - 计算列 ['p1publisher'] 和列 samename 之间的φ²: 0.0
2025-06-10 18:47:23 - rule_mining.Correlation_utils - INFO - 计算列 ['p1publisher'] 和列 samename 之间的相关性 (φ²): 0.0
2025-06-10 18:47:23 - rule_mining.Correlation_utils - WARNING - 列联表为空，返回 invalid
2025-06-10 18:47:23 - rule_mining.Correlation_utils - INFO - 计算列 ['p1id'] 和列 samename 之间的φ²: 0.857520564042304
2025-06-10 18:47:23 - rule_mining.Correlation_utils - INFO - 计算列 ['p1id'] 和列 samename 之间的相关性 (φ²): 0.736961041308869
2025-06-10 18:47:23 - rule_mining.Correlation_utils - INFO - 行方向得分: 0.9485, 列方向得分: 0.0619
2025-06-10 18:47:23 - SearchSpace_bit - INFO - 发现函数依赖: ['p1id'] -> samename
2025-06-10 18:47:23 - rule_mining.Correlation_utils - INFO - 计算列 ['p1key'] 和列 samename 之间的φ²: 0.857520564042304
2025-06-10 18:47:23 - rule_mining.Correlation_utils - INFO - 计算列 ['p1key'] 和列 samename 之间的相关性 (φ²): 0.736961041308869
2025-06-10 18:47:23 - rule_mining.Correlation_utils - INFO - 行方向得分: 0.9485, 列方向得分: 0.0619
2025-06-10 18:47:23 - SearchSpace_bit - INFO - 发现函数依赖: ['p1key'] -> samename
2025-06-10 18:47:23 - rule_mining.Correlation_utils - INFO - 计算列 ['p2type'] 和列 samename 之间的φ²: 0.003963506468295648
2025-06-10 18:47:23 - rule_mining.Correlation_utils - INFO - 计算列 ['p2type'] 和列 samename 之间的相关性 (φ²): 0.002965473909646646
2025-06-10 18:47:23 - rule_mining.Correlation_utils - INFO - 计算列 ['p2author'] 和列 samename 之间的φ²: 0.9104084321475631
2025-06-10 18:47:23 - rule_mining.Correlation_utils - INFO - 计算列 ['p2author'] 和列 samename 之间的相关性 (φ²): 0.8418514063126548
2025-06-10 18:47:23 - rule_mining.Correlation_utils - INFO - 行方向得分: 0.9608, 列方向得分: 0.0392
2025-06-10 18:47:23 - SearchSpace_bit - INFO - 发现函数依赖: ['p2author'] -> samename
2025-06-10 18:47:23 - rule_mining.Correlation_utils - INFO - 计算列 ['p2title'] 和列 samename 之间的φ²: 0.8845878136200708
2025-06-10 18:47:23 - rule_mining.Correlation_utils - INFO - 计算列 ['p2title'] 和列 samename 之间的相关性 (φ²): 0.786331492783104
2025-06-10 18:47:23 - rule_mining.Correlation_utils - INFO - 行方向得分: 0.9493, 列方向得分: 0.0580
2025-06-10 18:47:23 - SearchSpace_bit - INFO - 发现函数依赖: ['p2title'] -> samename
2025-06-10 18:47:23 - rule_mining.Correlation_utils - INFO - 计算列 ['p2booktitle'] 和列 samename 之间的φ²: 0.4379870686797084
2025-06-10 18:47:23 - rule_mining.Correlation_utils - INFO - 计算列 ['p2booktitle'] 和列 samename 之间的相关性 (φ²): 0.1634653676117198
2025-06-10 18:47:23 - rule_mining.Correlation_utils - INFO - 计算列 ['p2booktitlefull'] 和列 samename 之间的φ²: 0.40499342745292777
2025-06-10 18:47:23 - rule_mining.Correlation_utils - INFO - 计算列 ['p2booktitlefull'] 和列 samename 之间的相关性 (φ²): 0.13601785356178556
2025-06-10 18:47:23 - rule_mining.Correlation_utils - INFO - 计算列 ['p2year'] 和列 samename 之间的φ²: 0.025141300668188142
2025-06-10 18:47:23 - rule_mining.Correlation_utils - INFO - 计算列 ['p2year'] 和列 samename 之间的相关性 (φ²): 0.0067007219998461
2025-06-10 18:47:23 - rule_mining.Correlation_utils - INFO - 计算列 ['p2journal'] 和列 samename 之间的φ²: 0.3675872284397642
2025-06-10 18:47:23 - rule_mining.Correlation_utils - INFO - 计算列 ['p2journal'] 和列 samename 之间的相关性 (φ²): 0.13207934736394722
2025-06-10 18:47:23 - rule_mining.Correlation_utils - INFO - 计算列 ['p2journalfull'] 和列 samename 之间的φ²: 0.41964285714285715
2025-06-10 18:47:23 - rule_mining.Correlation_utils - INFO - 计算列 ['p2journalfull'] 和列 samename 之间的相关性 (φ²): 0.09722222222222224
2025-06-10 18:47:23 - rule_mining.Correlation_utils - WARNING - 列联表为空，返回 invalid
2025-06-10 18:47:23 - rule_mining.Correlation_utils - WARNING - 列联表为空，返回 invalid
2025-06-10 18:47:23 - rule_mining.Correlation_utils - INFO - 计算列 ['p2id'] 和列 samename 之间的φ²: 0.8837606837606837
2025-06-10 18:47:23 - rule_mining.Correlation_utils - INFO - 计算列 ['p2id'] 和列 samename 之间的相关性 (φ²): 0.7850368809272918
2025-06-10 18:47:23 - rule_mining.Correlation_utils - INFO - 行方向得分: 0.9485, 列方向得分: 0.0588
2025-06-10 18:47:23 - SearchSpace_bit - INFO - 发现函数依赖: ['p2id'] -> samename
2025-06-10 18:47:23 - rule_mining.Correlation_utils - INFO - 计算列 ['p2key'] 和列 samename 之间的φ²: 0.8837606837606837
2025-06-10 18:47:23 - rule_mining.Correlation_utils - INFO - 计算列 ['p2key'] 和列 samename 之间的相关性 (φ²): 0.7850368809272918
2025-06-10 18:47:23 - rule_mining.Correlation_utils - INFO - 行方向得分: 0.9485, 列方向得分: 0.0588
2025-06-10 18:47:23 - SearchSpace_bit - INFO - 发现函数依赖: ['p2key'] -> samename
2025-06-10 18:47:23 - rule_mining.Correlation_utils - INFO - 计算列 ['p1booktitle', 'p1booktitlefull'] 和列 samename 之间的φ²: 0.43396425754802276
2025-06-10 18:47:23 - rule_mining.Correlation_utils - INFO - 计算列 ['p1booktitle', 'p1booktitlefull'] 和列 samename 之间的相关性 (φ²): 0.14412667858164888
2025-06-10 18:47:23 - rule_mining.Correlation_utils - INFO - 计算列 ['p1booktitle', 'p1journal'] 和列 samename 之间的φ²: 0.43396425754802276
2025-06-10 18:47:23 - rule_mining.Correlation_utils - INFO - 计算列 ['p1booktitle', 'p1journal'] 和列 samename 之间的相关性 (φ²): 0.14412667858164888
2025-06-10 18:47:23 - rule_mining.Correlation_utils - INFO - 计算列 ['p1booktitlefull', 'p1journal'] 和列 samename 之间的φ²: 0.39100979656975576
2025-06-10 18:47:23 - rule_mining.Correlation_utils - INFO - 计算列 ['p1booktitlefull', 'p1journal'] 和列 samename 之间的相关性 (φ²): 0.09382257729579659
2025-06-10 18:47:23 - rule_mining.Correlation_utils - INFO - 计算列 ['p1booktitle', 'p1journalfull'] 和列 samename 之间的φ²: 0.43396425754802276
2025-06-10 18:47:23 - rule_mining.Correlation_utils - INFO - 计算列 ['p1booktitle', 'p1journalfull'] 和列 samename 之间的相关性 (φ²): 0.14412667858164888
2025-06-10 18:47:23 - rule_mining.Correlation_utils - INFO - 计算列 ['p1booktitlefull', 'p1journalfull'] 和列 samename 之间的φ²: 0.39100979656975576
2025-06-10 18:47:23 - rule_mining.Correlation_utils - INFO - 计算列 ['p1booktitlefull', 'p1journalfull'] 和列 samename 之间的相关性 (φ²): 0.09382257729579659
2025-06-10 18:47:23 - rule_mining.Correlation_utils - INFO - 计算列 ['p1journal', 'p1journalfull'] 和列 samename 之间的φ²: 0.30859617048322247
2025-06-10 18:47:23 - rule_mining.Correlation_utils - INFO - 计算列 ['p1journal', 'p1journalfull'] 和列 samename 之间的相关性 (φ²): 0.06905468624118932
2025-06-10 18:47:23 - rule_mining.Correlation_utils - INFO - 计算列 ['p1booktitle', 'p2booktitle'] 和列 samename 之间的φ²: 0.7599187133495945
2025-06-10 18:47:23 - rule_mining.Correlation_utils - INFO - 计算列 ['p1booktitle', 'p2booktitle'] 和列 samename 之间的相关性 (φ²): 0.16690687166933008
2025-06-10 18:47:23 - rule_mining.Correlation_utils - INFO - 计算列 ['p1booktitlefull', 'p2booktitle'] 和列 samename 之间的φ²: 0.7276443047223466
2025-06-10 18:47:23 - rule_mining.Correlation_utils - INFO - 计算列 ['p1booktitlefull', 'p2booktitle'] 和列 samename 之间的相关性 (φ²): 0.07049248951112788
2025-06-10 18:47:23 - rule_mining.Correlation_utils - INFO - 计算列 ['p1journal', 'p2booktitle'] 和列 samename 之间的φ²: 0.5548119932349238
2025-06-10 18:47:23 - rule_mining.Correlation_utils - INFO - 计算列 ['p1journal', 'p2booktitle'] 和列 samename 之间的相关性 (φ²): 0.0
2025-06-10 18:47:23 - rule_mining.Correlation_utils - INFO - 计算列 ['p1journalfull', 'p2booktitle'] 和列 samename 之间的φ²: 0.6666666666666666
2025-06-10 18:47:23 - rule_mining.Correlation_utils - INFO - 计算列 ['p1journalfull', 'p2booktitle'] 和列 samename 之间的相关性 (φ²): 0.0
2025-06-10 18:47:23 - rule_mining.Correlation_utils - INFO - 计算列 ['p1booktitle', 'p2booktitlefull'] 和列 samename 之间的φ²: 0.6089837221955368
2025-06-10 18:47:23 - rule_mining.Correlation_utils - INFO - 计算列 ['p1booktitle', 'p2booktitlefull'] 和列 samename 之间的相关性 (φ²): 0.13145941832813926
2025-06-10 18:47:23 - rule_mining.Correlation_utils - INFO - 计算列 ['p1booktitlefull', 'p2booktitlefull'] 和列 samename 之间的φ²: 0.5920940047684946
2025-06-10 18:47:23 - rule_mining.Correlation_utils - INFO - 计算列 ['p1booktitlefull', 'p2booktitlefull'] 和列 samename 之间的相关性 (φ²): 0.06332697391283935
2025-06-10 18:47:23 - rule_mining.Correlation_utils - INFO - 计算列 ['p1journal', 'p2booktitlefull'] 和列 samename 之间的φ²: 0.44775843523817327
2025-06-10 18:47:23 - rule_mining.Correlation_utils - INFO - 计算列 ['p1journal', 'p2booktitlefull'] 和列 samename 之间的相关性 (φ²): 0.023103714748906545
2025-06-10 18:47:23 - rule_mining.Correlation_utils - INFO - 计算列 ['p1journalfull', 'p2booktitlefull'] 和列 samename 之间的φ²: 0.6666666666666666
2025-06-10 18:47:23 - rule_mining.Correlation_utils - INFO - 计算列 ['p1journalfull', 'p2booktitlefull'] 和列 samename 之间的相关性 (φ²): 0.16666666666666663
2025-06-10 18:47:23 - rule_mining.Correlation_utils - INFO - 计算列 ['p2booktitle', 'p2booktitlefull'] 和列 samename 之间的φ²: 0.4379870686797084
2025-06-10 18:47:23 - rule_mining.Correlation_utils - INFO - 计算列 ['p2booktitle', 'p2booktitlefull'] 和列 samename 之间的相关性 (φ²): 0.1634653676117198
2025-06-10 18:47:23 - rule_mining.Correlation_utils - INFO - 计算列 ['p1booktitle', 'p2journal'] 和列 samename 之间的φ²: 0.6198587234122526
2025-06-10 18:47:23 - rule_mining.Correlation_utils - INFO - 计算列 ['p1booktitle', 'p2journal'] 和列 samename 之间的相关性 (φ²): 0.14553319023709319
2025-06-10 18:47:23 - rule_mining.Correlation_utils - INFO - 计算列 ['p1booktitlefull', 'p2journal'] 和列 samename 之间的φ²: 0.6034519282536411
2025-06-10 18:47:23 - rule_mining.Correlation_utils - INFO - 计算列 ['p1booktitlefull', 'p2journal'] 和列 samename 之间的相关性 (φ²): 0.14730703647603763
2025-06-10 18:47:23 - rule_mining.Correlation_utils - INFO - 计算列 ['p1journal', 'p2journal'] 和列 samename 之间的φ²: 0.5803592558368111
2025-06-10 18:47:23 - rule_mining.Correlation_utils - INFO - 计算列 ['p1journal', 'p2journal'] 和列 samename 之间的相关性 (φ²): 0.08781482306900043
2025-06-10 18:47:23 - rule_mining.Correlation_utils - INFO - 计算列 ['p1journalfull', 'p2journal'] 和列 samename 之间的φ²: 1.0
2025-06-10 18:47:23 - rule_mining.Correlation_utils - INFO - 计算列 ['p1journalfull', 'p2journal'] 和列 samename 之间的相关性 (φ²): 1.0
2025-06-10 18:47:23 - SearchSpace_bit - INFO - 发现函数依赖: ['p1journalfull', 'p2journal'] -> samename
2025-06-10 18:47:23 - rule_mining.Correlation_utils - INFO - 计算列 ['p2booktitle', 'p2journal'] 和列 samename 之间的φ²: 0.4379870686797084
2025-06-10 18:47:23 - rule_mining.Correlation_utils - INFO - 计算列 ['p2booktitle', 'p2journal'] 和列 samename 之间的相关性 (φ²): 0.1634653676117198
2025-06-10 18:47:23 - rule_mining.Correlation_utils - INFO - 计算列 ['p2booktitlefull', 'p2journal'] 和列 samename 之间的φ²: 0.40499342745292777
2025-06-10 18:47:23 - rule_mining.Correlation_utils - INFO - 计算列 ['p2booktitlefull', 'p2journal'] 和列 samename 之间的相关性 (φ²): 0.13601785356178556
2025-06-10 18:47:23 - rule_mining.Correlation_utils - INFO - 计算列 ['p1booktitle', 'p2journalfull'] 和列 samename 之间的φ²: 0.4339642575480224
2025-06-10 18:47:23 - rule_mining.Correlation_utils - INFO - 计算列 ['p1booktitle', 'p2journalfull'] 和列 samename 之间的相关性 (φ²): 0.14240459946410644
2025-06-10 18:47:23 - rule_mining.Correlation_utils - INFO - 计算列 ['p1booktitlefull', 'p2journalfull'] 和列 samename 之间的φ²: 0.3910097965697561
2025-06-10 18:47:23 - rule_mining.Correlation_utils - INFO - 计算列 ['p1booktitlefull', 'p2journalfull'] 和列 samename 之间的相关性 (φ²): 0.09018331053794888
2025-06-10 18:47:23 - rule_mining.Correlation_utils - INFO - 计算列 ['p1journal', 'p2journalfull'] 和列 samename 之间的φ²: 0.31703137768988365
2025-06-10 18:47:23 - rule_mining.Correlation_utils - INFO - 计算列 ['p1journal', 'p2journalfull'] 和列 samename 之间的相关性 (φ²): 0.06569892467976085
2025-06-10 18:47:23 - rule_mining.Correlation_utils - INFO - 计算列 ['p1journalfull', 'p2journalfull'] 和列 samename 之间的φ²: 0.6666666666666666
2025-06-10 18:47:23 - rule_mining.Correlation_utils - INFO - 计算列 ['p1journalfull', 'p2journalfull'] 和列 samename 之间的相关性 (φ²): 0.44444444444444436
2025-06-10 18:47:23 - rule_mining.Correlation_utils - INFO - 计算列 ['p2booktitle', 'p2journalfull'] 和列 samename 之间的φ²: 0.4379870686797084
2025-06-10 18:47:23 - rule_mining.Correlation_utils - INFO - 计算列 ['p2booktitle', 'p2journalfull'] 和列 samename 之间的相关性 (φ²): 0.1634653676117198
2025-06-10 18:47:23 - rule_mining.Correlation_utils - INFO - 计算列 ['p2booktitlefull', 'p2journalfull'] 和列 samename 之间的φ²: 0.40499342745292777
2025-06-10 18:47:23 - rule_mining.Correlation_utils - INFO - 计算列 ['p2booktitlefull', 'p2journalfull'] 和列 samename 之间的相关性 (φ²): 0.13601785356178556
2025-06-10 18:47:23 - rule_mining.Correlation_utils - INFO - 计算列 ['p2journal', 'p2journalfull'] 和列 samename 之间的φ²: 0.3675872284397642
2025-06-10 18:47:23 - rule_mining.Correlation_utils - INFO - 计算列 ['p2journal', 'p2journalfull'] 和列 samename 之间的相关性 (φ²): 0.13207934736394722
2025-06-10 18:47:23 - rule_mining.Correlation_utils - WARNING - 期望分布频数表不符合要求，无法计算相关性。
2025-06-10 18:47:23 - rule_mining.Correlation_utils - WARNING - 期望分布频数表不符合要求，无法计算相关性。
2025-06-10 18:47:23 - rule_mining.Correlation_utils - WARNING - 期望分布频数表不符合要求，无法计算相关性。
2025-06-10 18:47:23 - rule_mining.Correlation_utils - WARNING - 期望分布频数表不符合要求，无法计算相关性。
2025-06-10 18:47:23 - rule_mining.Correlation_utils - WARNING - 期望分布频数表不符合要求，无法计算相关性。
2025-06-10 18:47:23 - rule_mining.Correlation_utils - WARNING - 期望分布频数表不符合要求，无法计算相关性。
2025-06-10 18:47:23 - rule_mining.Correlation_utils - WARNING - 期望分布频数表不符合要求，无法计算相关性。
2025-06-10 18:47:23 - rule_mining.Correlation_utils - WARNING - 期望分布频数表不符合要求，无法计算相关性。
2025-06-10 18:47:23 - rule_mining.Correlation_utils - WARNING - 期望分布频数表不符合要求，无法计算相关性。
2025-06-10 18:47:23 - rule_mining.Correlation_utils - WARNING - 期望分布频数表不符合要求，无法计算相关性。
2025-06-10 18:47:23 - rule_mining.Correlation_utils - WARNING - 期望分布频数表不符合要求，无法计算相关性。
2025-06-10 18:47:23 - rule_mining.Correlation_utils - WARNING - 期望分布频数表不符合要求，无法计算相关性。
2025-06-10 18:47:23 - rule_mining.Correlation_utils - WARNING - 期望分布频数表不符合要求，无法计算相关性。
2025-06-10 18:47:23 - rule_mining.Correlation_utils - WARNING - 期望分布频数表不符合要求，无法计算相关性。
2025-06-10 18:47:23 - rule_mining.Correlation_utils - WARNING - 期望分布频数表不符合要求，无法计算相关性。
2025-06-10 18:47:23 - rule_mining.Correlation_utils - WARNING - 期望分布频数表不符合要求，无法计算相关性。
2025-06-10 18:47:23 - rule_mining.Correlation_utils - WARNING - 期望分布频数表不符合要求，无法计算相关性。
2025-06-10 18:47:23 - rule_mining.Correlation_utils - WARNING - 期望分布频数表不符合要求，无法计算相关性。
2025-06-10 18:47:23 - rule_mining.Correlation_utils - WARNING - 期望分布频数表不符合要求，无法计算相关性。
2025-06-10 18:47:23 - rule_mining.Correlation_utils - WARNING - 期望分布频数表不符合要求，无法计算相关性。
2025-06-10 18:47:23 - rule_mining.Correlation_utils - WARNING - 期望分布频数表不符合要求，无法计算相关性。
2025-06-10 18:47:23 - rule_mining.Correlation_utils - WARNING - 期望分布频数表不符合要求，无法计算相关性。
2025-06-10 18:47:23 - rule_mining.Correlation_utils - WARNING - 期望分布频数表不符合要求，无法计算相关性。
2025-06-10 18:47:23 - rule_mining.Correlation_utils - WARNING - 期望分布频数表不符合要求，无法计算相关性。
2025-06-10 18:47:23 - rule_mining.Correlation_utils - WARNING - 期望分布频数表不符合要求，无法计算相关性。
2025-06-10 18:47:23 - rule_mining.Correlation_utils - WARNING - 期望分布频数表不符合要求，无法计算相关性。
2025-06-10 18:47:23 - rule_mining.Correlation_utils - WARNING - 期望分布频数表不符合要求，无法计算相关性。
2025-06-10 18:47:23 - rule_mining.Correlation_utils - WARNING - 期望分布频数表不符合要求，无法计算相关性。
2025-06-10 18:47:23 - rule_mining.Correlation_utils - WARNING - 期望分布频数表不符合要求，无法计算相关性。
2025-06-10 18:47:23 - rule_mining.Correlation_utils - WARNING - 期望分布频数表不符合要求，无法计算相关性。
2025-06-10 18:47:23 - rule_mining.Correlation_utils - WARNING - 期望分布频数表不符合要求，无法计算相关性。
2025-06-10 18:47:23 - rule_mining.Correlation_utils - WARNING - 期望分布频数表不符合要求，无法计算相关性。
2025-06-10 18:47:23 - rule_mining.Correlation_utils - WARNING - 期望分布频数表不符合要求，无法计算相关性。
2025-06-10 18:47:23 - rule_mining.Correlation_utils - WARNING - 期望分布频数表不符合要求，无法计算相关性。
2025-06-10 18:47:23 - rule_mining.Correlation_utils - WARNING - 期望分布频数表不符合要求，无法计算相关性。
2025-06-10 18:47:23 - rule_mining.Correlation_utils - WARNING - 期望分布频数表不符合要求，无法计算相关性。
2025-06-10 18:47:23 - rule_mining.Correlation_utils - WARNING - 期望分布频数表不符合要求，无法计算相关性。
2025-06-10 18:47:23 - rule_mining.Correlation_utils - WARNING - 期望分布频数表不符合要求，无法计算相关性。
2025-06-10 18:47:23 - rule_mining.Correlation_utils - WARNING - 期望分布频数表不符合要求，无法计算相关性。
2025-06-10 18:47:23 - rule_mining.Correlation_utils - WARNING - 期望分布频数表不符合要求，无法计算相关性。
2025-06-10 18:47:23 - Cafd - INFO - Processing search space: <SearchSpace_bit.SearchSpace object at 0x000001E8265BA7F0>
2025-06-10 18:47:23 - SearchSpace_bit - INFO - 从全局结论表中命中缓存: sameentity->author1
2025-06-10 18:47:23 - SearchSpace_bit - INFO - 从全局结论表中命中缓存: samename->author1
2025-06-10 18:47:23 - rule_mining.Correlation_utils - INFO - 计算列 ['author2'] 和列 author1 之间的φ²: 1.0
2025-06-10 18:47:23 - rule_mining.Correlation_utils - INFO - 计算列 ['author2'] 和列 author1 之间的相关性 (φ²): 1.0
2025-06-10 18:47:23 - rule_mining.Correlation_utils - INFO - 行方向得分: 0.9691, 列方向得分: 1.0000
2025-06-10 18:47:23 - rule_mining.Correlation_utils - INFO - 计算列 ['key1'] 和列 author1 之间的φ²: 1.0
2025-06-10 18:47:23 - rule_mining.Correlation_utils - INFO - 计算列 ['key1'] 和列 author1 之间的相关性 (φ²): 1.0
2025-06-10 18:47:23 - rule_mining.Correlation_utils - INFO - 行方向得分: 1.0000, 列方向得分: 0.7526
2025-06-10 18:47:23 - SearchSpace_bit - INFO - 发现函数依赖: ['key1'] -> author1
2025-06-10 18:47:23 - rule_mining.Correlation_utils - INFO - 计算列 ['key2'] 和列 author1 之间的φ²: 0.9516129032258065
2025-06-10 18:47:23 - rule_mining.Correlation_utils - INFO - 计算列 ['key2'] 和列 author1 之间的相关性 (φ²): 0.9039373814041746
2025-06-10 18:47:23 - rule_mining.Correlation_utils - INFO - 行方向得分: 0.9412, 列方向得分: 0.9485
2025-06-10 18:47:23 - rule_mining.Correlation_utils - INFO - 计算列 ['p1type'] 和列 author1 之间的φ²: 0.8170329191159788
2025-06-10 18:47:23 - rule_mining.Correlation_utils - INFO - 计算列 ['p1type'] 和列 author1 之间的相关性 (φ²): 0.24036328373099697
2025-06-10 18:47:23 - rule_mining.Correlation_utils - INFO - 计算列 ['p1author'] 和列 author1 之间的φ²: 0.9999999999999999
2025-06-10 18:47:23 - rule_mining.Correlation_utils - INFO - 计算列 ['p1author'] 和列 author1 之间的相关性 (φ²): 0.9999999999999998
2025-06-10 18:47:23 - rule_mining.Correlation_utils - INFO - 行方向得分: 1.0000, 列方向得分: 0.7815
2025-06-10 18:47:23 - SearchSpace_bit - INFO - 发现函数依赖: ['p1author'] -> author1
2025-06-10 18:47:23 - rule_mining.Correlation_utils - INFO - 计算列 ['p1title'] 和列 author1 之间的φ²: 0.9722222222222222
2025-06-10 18:47:23 - rule_mining.Correlation_utils - INFO - 计算列 ['p1title'] 和列 author1 之间的相关性 (φ²): 0.9484848484848483
2025-06-10 18:47:23 - rule_mining.Correlation_utils - INFO - 行方向得分: 0.9903, 列方向得分: 0.7670
2025-06-10 18:47:23 - SearchSpace_bit - INFO - 发现函数依赖: ['p1title'] -> author1
2025-06-10 18:47:23 - rule_mining.Correlation_utils - INFO - 计算列 ['p1booktitle'] 和列 author1 之间的φ²: 0.8672234541964942
2025-06-10 18:47:23 - rule_mining.Correlation_utils - INFO - 计算列 ['p1booktitle'] 和列 author1 之间的相关性 (φ²): 0.2425701591663642
2025-06-10 18:47:23 - rule_mining.Correlation_utils - INFO - 计算列 ['p1booktitlefull'] 和列 author1 之间的φ²: 0.9283291048659905
2025-06-10 18:47:23 - rule_mining.Correlation_utils - INFO - 计算列 ['p1booktitlefull'] 和列 author1 之间的相关性 (φ²): 0.27941694622022917
2025-06-10 18:47:23 - rule_mining.Correlation_utils - INFO - 计算列 ['p1year'] 和列 author1 之间的φ²: 0.8620810897573308
2025-06-10 18:47:23 - rule_mining.Correlation_utils - INFO - 计算列 ['p1year'] 和列 author1 之间的相关性 (φ²): 0.42972533586381795
2025-06-10 18:47:23 - rule_mining.Correlation_utils - INFO - 计算列 ['p1journal'] 和列 author1 之间的φ²: 0.8968138132910864
2025-06-10 18:47:23 - rule_mining.Correlation_utils - INFO - 计算列 ['p1journal'] 和列 author1 之间的相关性 (φ²): 0.3698272168848493
2025-06-10 18:47:23 - rule_mining.Correlation_utils - INFO - 计算列 ['p1journalfull'] 和列 author1 之间的φ²: 1.0
2025-06-10 18:47:23 - rule_mining.Correlation_utils - INFO - 计算列 ['p1journalfull'] 和列 author1 之间的相关性 (φ²): 1.0
2025-06-10 18:47:23 - rule_mining.Correlation_utils - INFO - 行方向得分: 0.6667, 列方向得分: 1.0000
2025-06-10 18:47:23 - rule_mining.Correlation_utils - INFO - 计算列 ['p1publisher'] 和列 author1 之间的φ²: 0.33333333333333326
2025-06-10 18:47:23 - rule_mining.Correlation_utils - INFO - 计算列 ['p1publisher'] 和列 author1 之间的相关性 (φ²): 0.0
2025-06-10 18:47:23 - rule_mining.Correlation_utils - WARNING - 列联表为空，返回 invalid
2025-06-10 18:47:23 - rule_mining.Correlation_utils - INFO - 计算列 ['p1id'] 和列 author1 之间的φ²: 1.0
2025-06-10 18:47:23 - rule_mining.Correlation_utils - INFO - 计算列 ['p1id'] 和列 author1 之间的相关性 (φ²): 1.0
2025-06-10 18:47:23 - rule_mining.Correlation_utils - INFO - 行方向得分: 1.0000, 列方向得分: 0.7526
2025-06-10 18:47:23 - SearchSpace_bit - INFO - 发现函数依赖: ['p1id'] -> author1
2025-06-10 18:47:23 - rule_mining.Correlation_utils - INFO - 计算列 ['p1key'] 和列 author1 之间的φ²: 1.0
2025-06-10 18:47:23 - rule_mining.Correlation_utils - INFO - 计算列 ['p1key'] 和列 author1 之间的相关性 (φ²): 1.0
2025-06-10 18:47:23 - rule_mining.Correlation_utils - INFO - 行方向得分: 1.0000, 列方向得分: 0.7526
2025-06-10 18:47:23 - SearchSpace_bit - INFO - 发现函数依赖: ['p1key'] -> author1
2025-06-10 18:47:23 - rule_mining.Correlation_utils - INFO - 计算列 ['p2type'] 和列 author1 之间的φ²: 0.8466338255477158
2025-06-10 18:47:23 - rule_mining.Correlation_utils - INFO - 计算列 ['p2type'] 和列 author1 之间的相关性 (φ²): 0.3642622063160503
2025-06-10 18:47:23 - rule_mining.Correlation_utils - INFO - 计算列 ['p2author'] 和列 author1 之间的φ²: 0.8977272727272727
2025-06-10 18:47:23 - rule_mining.Correlation_utils - INFO - 计算列 ['p2author'] 和列 author1 之间的相关性 (φ²): 0.8194664031620553
2025-06-10 18:47:23 - rule_mining.Correlation_utils - INFO - 行方向得分: 0.9559, 列方向得分: 0.9069
2025-06-10 18:47:23 - SearchSpace_bit - INFO - 发现函数依赖: ['p2author'] -> author1
2025-06-10 18:47:23 - rule_mining.Correlation_utils - INFO - 计算列 ['p2title'] 和列 author1 之间的φ²: 0.9365079365079365
2025-06-10 18:47:23 - rule_mining.Correlation_utils - INFO - 计算列 ['p2title'] 和列 author1 之间的相关性 (φ²): 0.875736961451247
2025-06-10 18:47:23 - rule_mining.Correlation_utils - INFO - 行方向得分: 0.9420, 列方向得分: 0.9348
2025-06-10 18:47:23 - SearchSpace_bit - INFO - 发现函数依赖: ['p2title'] -> author1
2025-06-10 18:47:23 - rule_mining.Correlation_utils - INFO - 计算列 ['p2booktitle'] 和列 author1 之间的φ²: 0.8512633516964222
2025-06-10 18:47:23 - rule_mining.Correlation_utils - INFO - 计算列 ['p2booktitle'] 和列 author1 之间的相关性 (φ²): 0.3383783575461538
2025-06-10 18:47:23 - rule_mining.Correlation_utils - INFO - 计算列 ['p2booktitlefull'] 和列 author1 之间的φ²: 0.9114717920967912
2025-06-10 18:47:23 - rule_mining.Correlation_utils - INFO - 计算列 ['p2booktitlefull'] 和列 author1 之间的相关性 (φ²): 0.4858087650553351
2025-06-10 18:47:23 - rule_mining.Correlation_utils - INFO - 计算列 ['p2year'] 和列 author1 之间的φ²: 0.8120023879897129
2025-06-10 18:47:23 - rule_mining.Correlation_utils - INFO - 计算列 ['p2year'] 和列 author1 之间的相关性 (φ²): 0.21941824846562033
2025-06-10 18:47:23 - rule_mining.Correlation_utils - INFO - 计算列 ['p2journal'] 和列 author1 之间的φ²: 0.9304230281503008
2025-06-10 18:47:23 - rule_mining.Correlation_utils - INFO - 计算列 ['p2journal'] 和列 author1 之间的相关性 (φ²): 0.46077846816483087
